100 208
200 465
300 743
400 1025
500 1320
600 1630
700 1943
800 2258
900 2581
1000 2905
1100 3229
1200 3574
1300 3899
1400 4234
1500 4587
1600 4924
1700 5277
1800 5633
1900 5989
2000 6341
2100 6693
2200 7035
2300 7398
2400 7750
2500 8143
2600 8477
2700 8857
2800 9205
2900 9578
3000 9946
3100 10291
3200 10688
3300 11073
3400 11435
3500 11797
3600 12192
3700 12551
3800 12962
3900 13349
4000 13705
4100 14070
4200 14468
4300 14850
4400 15267
4500 15620
4600 15984
4700 16373
4800 16758
4900 17165
5000 17526
5100 17915
5200 18357
5300 18708
5400 19094
5500 19451
5600 19852
5700 20250
5800 20648
5900 21056
6000 21461
6100 21830
6200 22260
6300 22652
6400 23036
6500 23419
6600 23766
6700 24203
6800 24607
6900 25019
7000 25436
7100 25867
7200 26226
7300 26684
7400 27033
7500 27419
7600 27856
7700 28263
7800 28630
7900 29043
8000 29416
8100 29794
8200 30261
8300 30641
8400 31069
8500 31465
8600 31893
8700 32287
8800 32740
8900 33202
9000 33565
9100 33984
9200 34434
9300 34838
9400 35235
9500 35607
9600 36096
9700 36467
9800 36845
9900 37326
10000 37670
10100 38118
10200 38488
10300 38922
10400 39350
10500 39734
10600 40145
10700 40549
10800 40949
10900 41409
11000 41832
11100 42206
11200 42624
11300 43021
11400 43438
11500 43900
11600 44356
11700 44771
11800 45200
11900 45614
12000 46081
12100 46438
12200 46855
12300 47309
12400 47748
12500 48140
12600 48575
12700 48948
12800 49336
12900 49775
13000 50186
13100 50631
13200 51046
13300 51423
13400 51813
13500 52223
13600 52658
13700 53085
13800 53505
13900 53911
14000 54388
14100 54855
14200 55212
14300 55596
14400 56009
14500 56498
14600 56865
14700 57303
14800 57748
14900 58177
15000 58625
15100 59019
15200 59439
15300 59950
15400 60340
15500 60757
15600 61182
15700 61725
15800 62289
15900 62486
16000 62894
16100 63346
16200 63791
16300 64394
16400 64804
16500 65171
16600 65648
16700 66086
16800 66467
16900 66856
17000 67342
17100 67753
17200 68195
17300 68689
17400 69069
17500 69529
17600 70026
17700 70586
17800 71004
17900 71369
18000 71868
18100 72287
18200 72742
18300 73117
18400 73602
18500 74032
18600 74467
18700 74904
18800 75376
18900 75792
19000 76232
19100 76636
19200 77101
19300 77461
19400 77948
19500 78339
19600 78763
19700 79167
19800 79560
19900 80008
20000 80403
20100 80878
20200 81288
20300 81656
20400 82145
20500 82661
20600 83033
20700 83468
20800 83868
20900 84342
21000 84853
21100 85208
21200 85602
21300 86038
21400 86539
21500 86949
21600 87457
21700 87842
21800 88282
21900 88771
22000 89205
22100 89680
22200 90069
22300 90549
22400 91076
22500 91505
22600 91992
22700 92303
22800 92776
22900 93293
23000 93763
23100 94151
23200 94629
23300 95068
23400 95521
23500 96057
23600 96335
23700 96826
23800 97270
23900 97821
24000 98192
24100 98670
24200 99063
24300 99489
24400 99982
24500 100408
24600 100876
24700 101275
24800 101851
24900 102205
25000 102669
25100 103112
25200 103528
25300 104028
25400 104507
25500 104859
25600 105320
25700 105771
25800 106246
25900 106603
26000 107108
26100 107551
26200 107918
26300 108325
26400 108741
26500 109241
26600 109666
26700 110184
26800 110518
26900 111093
27000 111512
27100 111924
27200 112374
27300 112755
27400 113219
27500 114009
27600 114155
27700 114789
27800 115137
27900 115626
28000 116151
28100 116612
28200 117291
28300 117568
28400 118100
28500 118492
28600 119043
28700 119514
28800 119932
28900 120512
29000 120829
29100 121341
29200 121694
29300 122258
29400 122652
29500 123122
29600 123574
29700 123957
29800 124394
29900 124862
30000 125267
30100 125911
30200 126292
30300 126773
30400 127080
30500 127617
30600 128029
30700 128374
30800 128883
30900 129310
31000 129749
31100 130186
31200 130668
31300 131164
31400 131569
31500 131502
31600 132059
31700 132401
31800 132787
31900 133759
32000 133701
32100 134537
32200 134686
32300 135133
32400 135617
32500 136023
32600 136418
32700 137000
32800 137508
32900 137955
33000 138413
33100 139080
33200 139285
33300 139843
33400 140323
33500 140826
33600 141224
33700 141661
33800 142083
33900 142546
34000 142999
34100 143461
34200 143923
34300 144371
34400 144969
34500 145295
34600 145884
34700 146180
34800 146700
34900 147112
35000 147578
35100 148310
35200 148608
35300 148946
35400 149539
35500 149807
35600 150286
35700 150880
35800 151325
35900 151812
36000 152334
36100 152824
36200 153323
36300 153916
36400 154531
36500 154919
36600 155378
36700 155806
36800 156281
36900 156809
37000 157327
37100 157703
37200 158166
37300 158592
37400 159077
37500 159560
37600 159917
37700 160440
37800 160879
37900 161360
38000 161815
38100 162202
38200 162655
38300 163057
38400 163518
38500 163999
38600 164371
38700 164869
38800 165361
38900 165836
39000 166223
39100 166662
39200 167230
39300 167520
39400 167922
39500 168420
39600 168867
39700 169232
39800 169692
39900 170139
40000 170605
40100 171007
40200 171494
40300 171954
40400 172212
40500 172843
40600 173132
40700 173669
40800 174138
40900 174511
41000 174968
41100 175410
41200 175926
41300 176392
41400 176782
41500 177160
41600 177660
41700 178074
41800 178624
41900 179077
42000 179466
42100 180057
42200 180375
42300 180915
42400 181537
42500 181927
42600 182229
42700 182703
42800 183083
42900 183471
43000 184154
43100 184501
43200 185020
43300 185437
43400 185836
43500 186363
43600 186868
43700 187316
43800 187960
43900 188242
44000 188754
44100 189277
44200 189861
44300 190280
44400 190956
44500 191234
44600 191835
44700 192356
44800 192943
44900 193258
45000 193976
45100 194271
45200 194846
45300 195305
45400 195871
45500 196337
45600 196930
45700 197355
45800 197948
45900 198323
46000 198921
46100 199365
46200 199737
46300 200359
46400 200736
46500 201372
46600 201888
46700 202403
46800 202803
46900 203499
47000 203630
47100 204257
47200 204729
47300 205142
47400 205772
47500 206193
47600 206769
47700 207292
47800 207787
47900 208217
48000 208642
48100 209149
48200 209792
48300 210243
48400 211019
48500 211109
48600 211520
48700 212232
48800 212466
48900 213194
49000 213470
49100 213805
49200 214314
49300 215042
49400 215270
49500 215823
49600 216382
49700 216768
49800 217198
49900 217640
50000 218148
50100 218873
50200 219187
50300 219505
50400 220016
50500 220228
50600 220883
50700 221228
50800 221877
50900 222395
51000 222874
51100 223204
51200 223607
51300 224208
51400 224606
51500 225154
51600 225680
51700 226053
51800 226515
51900 227000
52000 227359
52100 228150
52200 228636
52300 228975
52400 229454
52500 230026
52600 230500
52700 230775
52800 231387
52900 231905
53000 232399
53100 232745
53200 232991
53300 233517
53400 233892
53500 234318
53600 234855
53700 235340
53800 235715
53900 236199
54000 236782
54100 237162
54200 237664
54300 238249
54400 238774
54500 239217
54600 239782
54700 240235
54800 240681
54900 241126
55000 241626
55100 242271
55200 242883
55300 243279
55400 243718
55500 244229
55600 244630
55700 245512
55800 245614
55900 246230
56000 246639
56100 247152
56200 247397
56300 247883
56400 248168
56500 248606
56600 249157
56700 249689
56800 250348
56900 250584
57000 251202
57100 251672
57200 252250
57300 252789
57400 253237
57500 253699
57600 254430
57700 254691
57800 255229
57900 255698
58000 256241
58100 256616
58200 257123
58300 257558
58400 258218
58500 258617
58600 259280
58700 259579
58800 260196
58900 260632
59000 261041
59100 261615
59200 262136
59300 262350
59400 262597
59500 263046
59600 264042
59700 264013
59800 264513
59900 265080
60000 265499
60100 266105
60200 266492
60300 266990
60400 267378
60500 267945
60600 268393
60700 269227
60800 269496
60900 269915
61000 270389
61100 270870
61200 271472
61300 271951
61400 272502
61500 273019
61600 273435
61700 273932
61800 274498
61900 274854
62000 275373
62100 275724
62200 276208
62300 276836
62400 276987
62500 277442
62600 277278
62700 277829
62800 278241
62900 278525
63000 279058
63100 279790
63200 280012
63300 280704
63400 281408
63500 281772
63600 282051
63700 282783
63800 283017
63900 283765
64000 284044
64100 284498
64200 285152
64300 285586
64400 286206
64500 286750
64600 286954
64700 288091
64800 288208
64900 288626
65000 289017
65100 289562
65200 289787
65300 290449
65400 290873
65500 291360
65600 291701
65700 292180
65800 292470
65900 293027
66000 293388
66100 294108
66200 294575
66300 295050
66400 295600
66500 295871
66600 296355
66700 296860
66800 297230
66900 297854
67000 298560
67100 298734
67200 299314
67300 299979
67400 300268
67500 300737
67600 301318
67700 301832
67800 302100
67900 302724
68000 303247
68100 303554
68200 304071
68300 304974
68400 305198
68500 305598
68600 306092
68700 306577
68800 307416
68900 307555
69000 308068
69100 308614
69200 309007
69300 309482
69400 309998
69500 310333
69600 310908
69700 311458
69800 311955
69900 312607
70000 312956
70100 313300
70200 313968
70300 314606
70400 314671
70500 315456
70600 315724
70700 316343
70800 316933
70900 317485
71000 317784
71100 318206
71200 318714
71300 319278
71400 319781
71500 320179
71600 320594
71700 321277
71800 321840
71900 322104
72000 322706
72100 323200
72200 323797
72300 324137
72400 324612
72500 325010
72600 325438
72700 325837
72800 326426
72900 326961
73000 327419
73100 327830
73200 328514
73300 328776
73400 329298
73500 330016
73600 330530
73700 330763
73800 331363
73900 331832
74000 332235
74100 332649
74200 333256
74300 333733
74400 334253
74500 334810
74600 335030
74700 335690
74800 336122
74900 336666
75000 336952
75100 337679
75200 338006
75300 338395
75400 338964
75500 339529
75600 339965
75700 340227
75800 341100
75900 341443
76000 341782
76100 342336
76200 342807
76300 343500
76400 343705
76500 344227
76600 344713
76700 345162
76800 345775
76900 346116
77000 346565
77100 347182
77200 348038
77300 348026
77400 348882
77500 349158
77600 349544
77700 350104
77800 350558
77900 350972
78000 351409
78100 351853
78200 352327
78300 352958
78400 353471
78500 353867
78600 354574
78700 354859
78800 355318
78900 355816
79000 356143
79100 356778
79200 357186
79300 357663
79400 358385
79500 358761
79600 359132
79700 359735
79800 360027
79900 360757
80000 361300
80100 361824
80200 362023
80300 362644
80400 362988
80500 363583
80600 363925
80700 364651
80800 364694
80900 365379
81000 365788
81100 366293
81200 366858
81300 368731
81400 367860
81500 368467
81600 368623
81700 369184
81800 369794
81900 370159
82000 370767
82100 371176
82200 371698
82300 372158
82400 372518
82500 373142
82600 373475
82700 374052
82800 374878
82900 375197
83000 375605
83100 375989
83200 376450
83300 376969
83400 377447
83500 377804
83600 378498
83700 378687
83800 379371
83900 380075
84000 380413
84100 380845
84200 381298
84300 381693
84400 382412
84500 382722
84600 383130
84700 383663
84800 384110
84900 384754
85000 385324
85100 385594
85200 386053
85300 386782
85400 387090
85500 387674
85600 387981
85700 388527
85800 388937
85900 389496
86000 389995
86100 390547
86200 390899
86300 391416
86400 391870
86500 392345
86600 392723
86700 393383
86800 393832
86900 394545
87000 394683
87100 395308
87200 395776
87300 396424
87400 396768
87500 397460
87600 397602
87700 398297
87800 398644
87900 399224
88000 399672
88100 400252
88200 400514
88300 401209
88400 401521
88500 401870
88600 402532
88700 402882
88800 403273
88900 403837
89000 404631
89100 404809
89200 405380
89300 406104
89400 406282
89500 406875
89600 407155
89700 407949
89800 408045
89900 408593
90000 409016
90100 409578
90200 410129
90300 410561
90400 411139
90500 411503
90600 412165
90700 412543
90800 413103
90900 413788
91000 414070
91100 414565
91200 415059
91300 415498
91400 416292
91500 416856
91600 417151
91700 417765
91800 418028
91900 418463
92000 419232
92100 419389
92200 420016
92300 420394
92400 421161
92500 421652
92600 422100
92700 422333
92800 423206
92900 423541
93000 424052
93100 424534
93200 424905
93300 425435
93400 425966
93500 426787
93600 426780
93700 427553
93800 427826
93900 428453
94000 428935
94100 429474
94200 430020
94300 430779
94400 431122
94500 431339
94600 432000
94700 432469
94800 433021
94900 433433
95000 433973
95100 434564
95200 435034
95300 435313
95400 435862
95500 436454
95600 436905
95700 437640
95800 438015
95900 438398
96000 438968
96100 439582
96200 440157
96300 440432
96400 440999
96500 441333
96600 441908
96700 442445
96800 442866
96900 443321
97000 444196
97100 444378
97200 444822
97300 445422
97400 445737
97500 446538
97600 447185
97700 447518
97800 447945
97900 448358
98000 448993
98100 449453
98200 449941
98300 450640
98400 450908
98500 451385
98600 452136
98700 452449
98800 453134
98900 453481
99000 453806
99100 454402
99200 455058
99300 455483
99400 456187
99500 456640
99600 457097
99700 457808
99800 457993
99900 458501
