100 188
200 433
300 696
400 984
500 1275
600 1565
700 1873
800 2194
900 2511
1000 2820
1100 3130
1200 3472
1300 3771
1400 4129
1500 4455
1600 4808
1700 5150
1800 5491
1900 5843
2000 6200
2100 6545
2200 6876
2300 7265
2400 7607
2500 7967
2600 8315
2700 8659
2800 9041
2900 9405
3000 9753
3100 10103
3200 10489
3300 10876
3400 11240
3500 11619
3600 11991
3700 12355
3800 12752
3900 13136
4000 13500
4100 13886
4200 14236
4300 14624
4400 15035
4500 15403
4600 15777
4700 16137
4800 16531
4900 16914
5000 17294
5100 17669
5200 18095
5300 18416
5400 18852
5500 19228
5600 19616
5700 19953
5800 20348
5900 20745
6000 21163
6100 21540
6200 21920
6300 22223
6400 22632
6500 23044
6600 23449
6700 23880
6800 24246
6900 24669
7000 25056
7100 25441
7200 25843
7300 26263
7400 26707
7500 27072
7600 27358
7700 27769
7800 28169
7900 28667
8000 29043
8100 29447
8200 29862
8300 30243
8400 30673
8500 31103
8600 31548
8700 31975
8800 32371
8900 32661
9000 33211
9100 33648
9200 33973
9300 34432
9400 34847
9500 35283
9600 35715
9700 36055
9800 36459
9900 36907
10000 37283
10100 37705
10200 38105
10300 38501
10400 38932
10500 39314
10600 39723
10700 40165
10800 40584
10900 40975
11000 41359
11100 41832
11200 42203
11300 42543
11400 43006
11500 43393
11600 43884
11700 44259
11800 44759
11900 45023
12000 45611
12100 45955
12200 46393
12300 46878
12400 47231
12500 47676
12600 48061
12700 48464
12800 48864
12900 49321
13000 49737
13100 50124
13200 50496
13300 50937
13400 51350
13500 51780
13600 52142
13700 52643
13800 52958
13900 53406
14000 53847
14100 54181
14200 54689
14300 55105
14400 55477
14500 55994
14600 56427
14700 56726
14800 57243
14900 57616
15000 58045
15100 58486
15200 58854
15300 59405
15400 59776
15500 60257
15600 60679
15700 60962
15800 61523
15900 61876
16000 62423
16100 62822
16200 63214
16300 63680
16400 64119
16500 64470
16600 65017
16700 65430
16800 65897
16900 66305
17000 66741
17100 67175
17200 67625
17300 68045
17400 68492
17500 68922
17600 69379
17700 69708
17800 70303
17900 70736
18000 71221
18100 71548
18200 72065
18300 72572
18400 72990
18500 73365
18600 73764
18700 74273
18800 74804
18900 75223
19000 75615
19100 76100
19200 76401
19300 76811
19400 77336
19500 77829
19600 78145
19700 78582
19800 79017
19900 79483
20000 79828
20100 80242
20200 80653
20300 81127
20400 81525
20500 81950
20600 82373
20700 82877
20800 83322
20900 83722
21000 84121
21100 84600
21200 85054
21300 85428
21400 85834
21500 86356
21600 86781
21700 87143
21800 87678
21900 88133
22000 88442
22100 89012
22200 89428
22300 89855
22400 90332
22500 90677
22600 91129
22700 91634
22800 92125
22900 92589
23000 93021
23100 93395
23200 94019
23300 94375
23400 94754
23500 95320
23600 95796
23700 96206
23800 96688
23900 97042
24000 97517
24100 97962
24200 98387
24300 98867
24400 99303
24500 99695
24600 100140
24700 100510
24800 101064
24900 101435
25000 101988
25100 102444
25200 102783
25300 103200
25400 103731
25500 104181
25600 104618
25700 105102
25800 105452
25900 105906
26000 106332
26100 106775
26200 107167
26300 107589
26400 108062
26500 108483
26600 108896
26700 109362
26800 109778
26900 110272
27000 110516
27100 111082
27200 111672
27300 111844
27400 112409
27500 112836
27600 113329
27700 113807
27800 114195
27900 114744
28000 115148
28100 115677
28200 115966
28300 116489
28400 117014
28500 117428
28600 117860
28700 118237
28800 118682
28900 119117
29000 119704
29100 120173
29200 120368
29300 120972
29400 121407
29500 122052
29600 122269
29700 122847
29800 123426
29900 123715
30000 124023
30100 124718
30200 125254
30300 125553
30400 126163
30500 126667
30600 127213
30700 127658
30800 128094
30900 128559
31000 129047
31100 129434
31200 129939
31300 129514
31400 129707
31500 130280
31600 131043
31700 131481
31800 131986
31900 132386
32000 132938
32100 133289
32200 133762
32300 134111
32400 134774
32500 134916
32600 135537
32700 136076
32800 136485
32900 136996
33000 137392
33100 137947
33200 138352
33300 138875
33400 139255
33500 139840
33600 140191
33700 140726
33800 141142
33900 141580
34000 141895
34100 142553
34200 142770
34300 143367
34400 143749
34500 144260
34600 144580
34700 145106
34800 145454
34900 145937
35000 146419
35100 147034
35200 147394
35300 147936
35400 148377
35500 148813
35600 149136
35700 149683
35800 150262
35900 150674
36000 151151
36100 151629
36200 152158
36300 152567
36400 153080
36500 153574
36600 153964
36700 154494
36800 154944
36900 155357
37000 155896
37100 156308
37200 156759
37300 157263
37400 157668
37500 158029
37600 158363
37700 158921
37800 159502
37900 159894
38000 160241
38100 160752
38200 161185
38300 161589
38400 162100
38500 162536
38600 162847
38700 163602
38800 163777
38900 164444
39000 165021
39100 165238
39200 165906
39300 166397
39400 166696
39500 167173
39600 168116
39700 168086
39800 168622
39900 168931
40000 169293
40100 170004
40200 170486
40300 170813
40400 171061
40500 171754
40600 172098
40700 172340
40800 172714
40900 173258
41000 173916
41100 174248
41200 174814
41300 175147
41400 175582
41500 175985
41600 176277
41700 176972
41800 177404
41900 177920
42000 178293
42100 178722
42200 179305
42300 179713
42400 180135
42500 180761
42600 181163
42700 181527
42800 182131
42900 182469
43000 182844
43100 183431
43200 183918
43300 184333
43400 184746
43500 185297
43600 185658
43700 186300
43800 186733
43900 187168
44000 187649
44100 188050
44200 188442
44300 189072
44400 189449
44500 189928
44600 190505
44700 190961
44800 191440
44900 191919
45000 192348
45100 193003
45200 193453
45300 193832
45400 194299
45500 194681
45600 195409
45700 195932
45800 196336
45900 196808
46000 197429
46100 197941
46200 198379
46300 198900
46400 199279
46500 199734
46600 200338
46700 200797
46800 201168
46900 201846
47000 202137
47100 202756
47200 203227
47300 203656
47400 204284
47500 204704
47600 205183
47700 205750
47800 206134
47900 206789
48000 207373
48100 207678
48200 208109
48300 208718
48400 209166
48500 209679
48600 210054
48700 210704
48800 211294
48900 211702
49000 212299
49100 212569
49200 213207
49300 213602
49400 214099
49500 214581
49600 215134
49700 215427
49800 216119
49900 216569
50000 216370
50100 217021
50200 217249
50300 217912
50400 218451
50500 218961
50600 219431
50700 220002
50800 220308
50900 220995
51000 221248
51100 221979
51200 222182
51300 222799
51400 223433
51500 223777
51600 224334
51700 224730
51800 225151
51900 225828
52000 226254
52100 226801
52200 227310
52300 227559
52400 228272
52500 228612
52600 228881
52700 229477
52800 230032
52900 230501
53000 230902
53100 231329
53200 231601
53300 232182
53400 232529
53500 232898
53600 233671
53700 234038
53800 234348
53900 234826
54000 235346
54100 235749
54200 236267
54300 236557
54400 237380
54500 237809
54600 238218
54700 238309
54800 239058
54900 239493
55000 240225
55100 240492
55200 241166
55300 241531
55400 241965
55500 242564
55600 243000
55700 243455
55800 243785
55900 244328
56000 244735
56100 245257
56200 245787
56300 245992
56400 246584
56500 246990
56600 247591
56700 247892
56800 248584
56900 249064
57000 249234
57100 249799
57200 250466
57300 250956
57400 251300
57500 251918
57600 252342
57700 252774
57800 253321
57900 253908
58000 254394
58100 254608
58200 255296
58300 255687
58400 256262
58500 256630
58600 257087
58700 257696
58800 258125
58900 258675
59000 258899
59100 259598
59200 259881
59300 260448
59400 260436
59500 260886
59600 261533
59700 262020
59800 262597
59900 262984
60000 263571
60100 264084
60200 264453
60300 264962
60400 265621
60500 265788
60600 266320
60700 267018
60800 267292
60900 267818
61000 268264
61100 268860
61200 269374
61300 269711
61400 270357
61500 270819
61600 271217
61700 271843
61800 272086
61900 272635
62000 273468
62100 273375
62200 274076
62300 274503
62400 274850
62500 274882
62600 275469
62700 275811
62800 276417
62900 276593
63000 277262
63100 277918
63200 277992
63300 278570
63400 278808
63500 279396
63600 279771
63700 280587
63800 281134
63900 281663
64000 281767
64100 282385
64200 282860
64300 283225
64400 283737
64500 284327
64600 284867
64700 284918
64800 285830
64900 286397
65000 286759
65100 287391
65200 287404
65300 288231
65400 288761
65500 289001
65600 289430
65700 289988
65800 290338
65900 291142
66000 291438
66100 292186
66200 292311
66300 292935
66400 293560
66500 293981
66600 294289
66700 295011
66800 295241
66900 295540
67000 296272
67100 297041
67200 297138
67300 297816
67400 298494
67500 298724
67600 299028
67700 299791
67800 300029
67900 300808
68000 301225
68100 301834
68200 302223
68300 302498
68400 303052
68500 303844
68600 304020
68700 304701
68800 305140
68900 305631
69000 306046
69100 306471
69200 306954
69300 307378
69400 307884
69500 308299
69600 308927
69700 309131
69800 309956
69900 310512
70000 310879
70100 311197
70200 311304
70300 312520
70400 312731
70500 313048
70600 314010
70700 314335
70800 314948
70900 315368
71000 315641
71100 316102
71200 316176
71300 317162
71400 317634
71500 318553
71600 318590
71700 319143
71800 319900
71900 320120
72000 320436
72100 321154
72200 321321
72300 321865
72400 322526
72500 322979
72600 323514
72700 324046
72800 324032
72900 324770
73000 325471
73100 325905
73200 325954
73300 326780
73400 327521
73500 327668
73600 328455
73700 328764
73800 329235
73900 329513
74000 330238
74100 330765
74200 331291
74300 331499
74400 332441
74500 332575
74600 333165
74700 333763
74800 333784
74900 334182
75000 334900
75100 335388
75200 335939
75300 336374
75400 336828
75500 337333
75600 337967
75700 338085
75800 338947
75900 339593
76000 339594
76100 340232
76200 340778
76300 341397
76400 341657
76500 341937
76600 342968
76700 343290
76800 343766
76900 344069
77000 344855
77100 345243
77200 345859
77300 346151
77400 346175
77500 347173
77600 347477
77700 348005
77800 348587
77900 348753
78000 349235
78100 349934
78200 350301
78300 350893
78400 351362
78500 351863
78600 352024
78700 352954
78800 353289
78900 353743
79000 354243
79100 354804
79200 355280
79300 355708
79400 356243
79500 356688
79600 357434
79700 357480
79800 358265
79900 358809
80000 359176
80100 359224
80200 360121
80300 360615
80400 361080
80500 361475
80600 362000
80700 362565
80800 362650
80900 363097
81000 363967
81100 363692
81200 364862
81300 364812
81400 365683
81500 366327
81600 366691
81700 367406
81800 367588
81900 368449
82000 368680
82100 369325
82200 370153
82300 370127
82400 370727
82500 370922
82600 371588
82700 372140
82800 372973
82900 373481
83000 373350
83100 374200
83200 374444
83300 375209
83400 375408
83500 375944
83600 376822
83700 377274
83800 377654
83900 378030
84000 378940
84100 379169
84200 379607
84300 380171
84400 380369
84500 381134
84600 381306
84700 381844
84800 382689
84900 383059
85000 383518
85100 384069
85200 383974
85300 384538
85400 385462
85500 385912
85600 386262
85700 386390
85800 387465
85900 387686
86000 388211
86100 388780
86200 389376
86300 389627
86400 390164
86500 390765
86600 390849
86700 391738
86800 391878
86900 392508
87000 392974
87100 393483
87200 393785
87300 393810
87400 394553
87500 394964
87600 395697
87700 396289
87800 396522
87900 397437
88000 397361
88100 398249
88200 398599
88300 399089
88400 399305
88500 400319
88600 400354
88700 401202
88800 401749
88900 402131
89000 402419
89100 402799
89200 403436
89300 403788
89400 404342
89500 404765
89600 405402
89700 405694
89800 406178
89900 406805
90000 407179
90100 407312
90200 408320
90300 408561
90400 409146
90500 409204
90600 410031
90700 410700
90800 411073
90900 411286
91000 412009
91100 412413
91200 412985
91300 413500
91400 413828
91500 413915
91600 414822
91700 415359
91800 415864
91900 416175
92000 416776
92100 417273
92200 417475
92300 418444
92400 418503
92500 419430
92600 419730
92700 420112
92800 420546
92900 421182
93000 421546
93100 421986
93200 422601
93300 422975
93400 423689
93500 423893
93600 424437
93700 425057
93800 425561
93900 426215
94000 426778
94100 426693
94200 427629
94300 427960
94400 428684
94500 429045
94600 429573
94700 430101
94800 430464
94900 431389
95000 431967
95100 432445
95200 432600
95300 433480
95400 433489
95500 434384
95600 434760
95700 435285
95800 435597
95900 436407
96000 436765
96100 437321
96200 437648
96300 438347
96400 438534
96500 439399
96600 439545
96700 440241
96800 440643
96900 440883
97000 441649
97100 442380
97200 442535
97300 443001
97400 443698
97500 444167
97600 444812
97700 445436
97800 445627
97900 446341
98000 446984
98100 447158
98200 447012
98300 447906
98400 448894
98500 448887
98600 449493
98700 450342
98800 450954
98900 451650
99000 451742
99100 452299
99200 452932
99300 453265
99400 453867
99500 453935
99600 454767
99700 455026
99800 455814
99900 456120
