100 197
200 449
300 719
400 1005
500 1297
600 1598
700 1910
800 2225
900 2544
1000 2864
1100 3188
1200 3516
1300 3847
1400 4186
1500 4521
1600 4862
1700 5215
1800 5566
1900 5916
2000 6268
2100 6621
2200 6974
2300 7328
2400 7682
2500 8039
2600 8398
2700 8757
2800 9122
2900 9484
3000 9849
3100 10216
3200 10597
3300 10982
3400 11335
3500 11711
3600 12092
3700 12465
3800 12855
3900 13232
4000 13611
4100 13983
4200 14366
4300 14741
4400 15126
4500 15505
4600 15889
4700 16263
4800 16652
4900 17033
5000 17415
5100 17803
5200 18189
5300 18572
5400 18963
5500 19342
5600 19733
5700 20121
5800 20508
5900 20903
6000 21301
6100 21691
6200 22077
6300 22459
6400 22853
6500 23246
6600 23633
6700 24041
6800 24435
6900 24855
7000 25256
7100 25689
7200 26079
7300 26481
7400 26875
7500 27267
7600 27647
7700 28039
7800 28437
7900 28842
8000 29246
8100 29635
8200 30059
8300 30476
8400 30889
8500 31305
8600 31721
8700 32145
8800 32559
8900 32983
9000 33392
9100 33825
9200 34228
9300 34630
9400 35059
9500 35458
9600 35880
9700 36273
9800 36685
9900 37093
10000 37486
10100 37907
10200 38310
10300 38721
10400 39130
10500 39541
10600 39949
10700 40363
10800 40764
10900 41181
11000 41592
11100 42021
11200 42431
11300 42834
11400 43242
11500 43656
11600 44094
11700 44523
11800 44965
11900 45376
12000 45806
12100 46243
12200 46662
12300 47089
12400 47510
12500 47918
12600 48291
12700 48716
12800 49127
12900 49549
13000 49950
13100 50363
13200 50780
13300 51210
13400 51591
13500 52018
13600 52427
13700 52849
13800 53270
13900 53698
14000 54108
14100 54536
14200 54950
14300 55365
14400 55781
14500 56204
14600 56630
14700 57061
14800 57474
14900 57903
15000 58345
15100 58763
15200 59204
15300 59645
15400 60060
15500 60498
15600 60929
15700 61372
15800 61860
15900 62219
16000 62665
16100 63102
16200 63522
16300 64005
16400 64433
16500 64831
16600 65283
16700 65743
16800 66172
16900 66603
17000 67038
17100 67458
17200 67913
17300 68368
17400 68806
17500 69250
17600 69695
17700 70171
17800 70614
17900 71057
18000 71524
18100 71959
18200 72402
18300 72853
18400 73302
18500 73737
18600 74169
18700 74607
18800 75077
18900 75498
19000 75933
19100 76371
19200 76809
19300 77226
19400 77649
19500 78069
19600 78497
19700 78906
19800 79322
19900 79712
20000 80132
20100 80567
20200 80986
20300 81399
20400 81829
20500 82274
20600 82717
20700 83150
20800 83591
20900 84016
21000 84454
21100 84893
21200 85331
21300 85777
21400 86201
21500 86660
21600 87116
21700 87564
21800 87996
21900 88440
22000 88877
22100 89326
22200 89784
22300 90237
22400 90658
22500 91090
22600 91557
22700 91990
22800 92465
22900 92920
23000 93383
23100 93832
23200 94316
23300 94741
23400 95200
23500 95654
23600 96100
23700 96549
23800 96997
23900 97444
24000 97894
24100 98333
24200 98758
24300 99190
24400 99641
24500 100087
24600 100545
24700 100979
24800 101424
24900 101875
25000 102315
25100 102759
25200 103205
25300 103628
25400 104082
25500 104532
25600 104969
25700 105397
25800 105827
25900 106284
26000 106710
26100 107152
26200 107581
26300 108008
26400 108452
26500 108898
26600 109312
26700 109776
26800 110217
26900 110653
27000 111083
27100 111520
27200 111972
27300 112403
27400 112843
27500 113302
27600 113715
27700 114174
27800 114636
27900 115087
28000 115526
28100 116001
28200 116452
28300 116927
28400 117399
28500 117880
28600 118380
28700 118879
28800 119356
28900 119835
29000 120303
29100 120791
29200 121283
29300 121770
29400 122209
29500 122649
29600 123128
29700 123599
29800 124034
29900 124503
30000 124925
30100 125385
30200 125838
30300 126281
30400 126736
30500 127181
30600 127616
30700 128063
30800 128526
30900 128955
31000 129413
31100 129865
31200 130322
31300 130209
31400 130639
31500 131064
31600 131503
31700 131992
31800 132417
31900 132899
32000 133324
32100 133787
32200 134242
32300 134670
32400 135129
32500 135561
32600 136028
32700 136488
32800 136955
32900 137446
33000 137921
33100 138344
33200 138828
33300 139341
33400 139841
33500 140326
33600 140823
33700 141265
33800 141710
33900 142159
34000 142600
34100 143021
34200 143459
34300 143901
34400 144350
34500 144805
34600 145253
34700 145729
34800 146168
34900 146614
35000 147085
35100 147540
35200 147954
35300 148418
35400 148852
35500 149313
35600 149763
35700 150240
35800 150687
35900 151150
36000 151636
36100 152095
36200 152576
36300 153065
36400 153554
36500 154040
36600 154556
36700 155026
36800 155513
36900 155965
37000 156445
37100 156963
37200 157429
37300 157913
37400 158343
37500 158772
37600 159254
37700 159661
37800 160224
37900 160631
38000 161014
38100 161525
38200 161939
38300 162400
38400 162954
38500 163429
38600 163844
38700 164351
38800 164813
38900 165270
39000 165756
39100 166192
39200 166660
39300 167089
39400 167547
39500 167971
39600 168431
39700 168844
39800 169280
39900 169706
40000 170125
40100 170574
40200 171030
40300 171425
40400 171854
40500 172317
40600 172744
40700 173169
40800 173606
40900 173996
41000 174391
41100 174845
41200 175267
41300 175735
41400 176141
41500 176613
41600 177084
41700 177535
41800 177996
41900 178436
42000 178878
42100 179346
42200 179809
42300 180272
42400 180743
42500 181197
42600 181647
42700 182105
42800 182562
42900 183024
43000 183481
43100 183962
43200 184395
43300 184867
43400 185331
43500 185800
43600 186268
43700 186750
43800 187211
43900 187688
44000 188188
44100 188651
44200 189163
44300 189657
44400 190142
44500 190659
44600 191144
44700 191664
44800 192114
44900 192614
45000 193146
45100 193628
45200 194088
45300 194623
45400 195124
45500 195591
45600 196101
45700 196620
45800 197155
45900 197595
46000 198097
46100 198598
46200 199070
46300 199571
46400 200054
46500 200585
46600 201055
46700 201593
46800 202074
46900 202582
47000 203035
47100 203550
47200 204009
47300 204547
47400 205054
47500 205535
47600 206042
47700 206547
47800 207011
47900 207540
48000 208039
48100 208488
48200 208999
48300 209521
48400 209961
48500 210465
48600 210934
48700 211435
48800 211919
48900 212380
49000 212852
49100 213353
49200 213822
49300 214309
49400 214771
49500 215254
49600 215718
49700 216175
49800 216661
49900 217108
50000 217376
50100 217807
50200 218289
50300 218752
50400 219218
50500 219685
50600 220185
50700 220623
50800 221142
50900 221624
51000 222086
51100 222610
51200 223042
51300 223516
51400 224005
51500 224487
51600 224973
51700 225465
51800 225916
51900 226399
52000 226869
52100 227353
52200 227850
52300 228306
52400 228786
52500 229259
52600 229757
52700 230201
52800 230704
52900 231150
53000 231608
53100 231948
53200 232301
53300 232774
53400 233197
53500 233685
53600 234209
53700 234629
53800 235079
53900 235561
54000 236070
54100 236527
54200 236978
54300 237459
54400 237922
54500 238433
54600 238922
54700 239352
54800 239864
54900 240320
55000 240816
55100 241303
55200 241780
55300 242253
55400 242715
55500 243218
55600 243667
55700 244205
55800 244659
55900 245142
56000 245638
56100 246093
56200 246492
56300 246840
56400 247300
56500 247772
56600 248284
56700 248771
56800 249247
56900 249696
57000 250228
57100 250704
57200 251265
57300 251738
57400 252246
57500 252708
57600 253233
57700 253739
57800 254216
57900 254699
58000 255248
58100 255718
58200 256239
58300 256729
58400 257245
58500 257700
58600 258215
58700 258739
58800 259149
58900 259695
59000 260216
59100 260646
59200 261059
59300 261363
59400 261531
59500 261948
59600 262498
59700 262939
59800 263466
59900 263951
60000 264444
60100 264924
60200 265479
60300 265935
60400 266402
60500 266944
60600 267444
60700 267941
60800 268427
60900 268927
61000 269394
61100 269920
61200 270462
61300 270963
61400 271475
61500 271954
61600 272464
61700 272962
61800 273442
61900 273877
62000 274393
62100 274854
62200 275340
62300 275746
62400 276098
62500 276145
62600 276247
62700 276667
62800 277165
62900 277614
63000 278137
63100 278608
63200 279070
63300 279533
63400 280033
63500 280531
63600 280977
63700 281452
63800 281920
63900 282433
64000 282872
64100 283430
64200 283857
64300 284397
64400 284910
64500 285331
64600 285909
64700 286385
64800 286843
64900 287380
65000 287837
65100 288345
65200 288877
65300 289412
65400 289815
65500 290289
65600 290657
65700 291073
65800 291496
65900 292032
66000 292469
66100 292990
66200 293463
66300 294009
66400 294498
66500 294934
66600 295381
66700 295922
66800 296325
66900 296829
67000 297309
67100 297850
67200 298303
67300 298839
67400 299332
67500 299769
67600 300238
67700 300791
67800 301268
67900 301764
68000 302300
68100 302785
68200 303263
68300 303762
68400 304317
68500 304745
68600 305201
68700 305686
68800 306156
68900 306638
69000 307076
69100 307537
69200 308016
69300 308515
69400 309024
69500 309483
69600 309998
69700 310472
69800 310937
69900 311475
70000 311920
70100 312430
70200 312902
70300 313425
70400 313928
70500 314391
70600 314904
70700 315399
70800 315909
70900 316370
71000 316845
71100 317330
71200 317812
71300 318324
71400 318828
71500 319318
71600 319780
71700 320260
71800 320771
71900 321186
72000 321658
72100 322099
72200 322626
72300 323096
72400 323609
72500 324072
72600 324603
72700 325020
72800 325550
72900 326089
73000 326493
73100 327014
73200 327498
73300 327953
73400 328436
73500 328933
73600 329451
73700 329875
73800 330332
73900 330871
74000 331349
74100 331847
74200 332281
74300 332812
74400 333315
74500 333732
74600 334240
74700 334722
74800 335207
74900 335645
75000 336058
75100 336545
75200 337051
75300 337517
75400 338002
75500 338489
75600 338995
75700 339435
75800 339935
75900 340459
76000 340891
76100 341421
76200 341867
76300 342428
76400 342857
76500 343372
76600 343846
76700 344308
76800 344813
76900 345290
77000 345814
77100 346237
77200 346779
77300 347262
77400 347714
77500 348213
77600 348637
77700 349194
77800 349641
77900 350143
78000 350541
78100 351003
78200 351462
78300 351902
78400 352385
78500 352886
78600 353345
78700 353875
78800 354404
78900 354855
79000 355344
79100 355847
79200 356299
79300 356812
79400 357256
79500 357790
79600 358247
79700 358749
79800 359230
79900 359753
80000 360148
80100 360620
80200 361123
80300 361660
80400 362111
80500 362607
80600 363081
80700 363621
80800 364034
80900 364599
81000 365028
81100 365512
81200 366021
81300 366514
81400 366983
81500 367537
81600 367963
81700 368488
81800 368923
81900 369446
82000 369912
82100 370413
82200 370928
82300 371373
82400 371870
82500 372356
82600 372831
82700 373317
82800 373808
82900 374309
83000 374758
83100 375260
83200 375741
83300 376215
83400 376733
83500 377180
83600 377659
83700 378118
83800 378654
83900 379124
84000 379592
84100 380074
84200 380566
84300 381034
84400 381540
84500 381991
84600 382500
84700 382968
84800 383485
84900 383920
85000 384435
85100 384891
85200 385398
85300 385896
85400 386328
85500 386797
85600 387304
85700 387765
85800 388266
85900 388741
86000 389209
86100 389695
86200 390194
86300 390640
86400 391137
86500 391592
86600 392065
86700 392519
86800 393043
86900 393511
87000 393972
87100 394465
87200 394952
87300 395394
87400 395897
87500 396395
87600 396841
87700 397325
87800 397732
87900 398250
88000 398740
88100 399219
88200 399694
88300 400123
88400 400603
88500 401121
88600 401581
88700 402004
88800 402489
88900 402976
89000 403438
89100 403887
89200 404409
89300 404914
89400 405343
89500 405815
89600 406310
89700 406741
89800 407242
89900 407734
90000 408200
90100 408648
90200 409166
90300 409618
90400 410112
90500 410547
90600 411070
90700 411532
90800 412007
90900 412501
91000 412977
91100 413506
91200 413969
91300 414443
91400 414991
91500 415482
91600 415941
91700 416408
91800 416900
91900 417449
92000 417886
92100 418427
92200 418924
92300 419445
92400 419882
92500 420448
92600 420938
92700 421399
92800 421882
92900 422427
93000 422904
93100 423405
93200 423901
93300 424404
93400 424903
93500 425420
93600 425891
93700 426413
93800 426842
93900 427370
94000 427875
94100 428386
94200 428855
94300 429399
94400 429823
94500 430313
94600 430824
94700 431380
94800 431832
94900 432335
95000 432840
95100 433298
95200 433816
95300 434301
95400 434805
95500 435376
95600 435866
95700 436324
95800 436837
95900 437380
96000 437806
96100 438364
96200 438843
96300 439345
96400 439842
96500 440366
96600 440892
96700 441388
96800 441867
96900 442357
97000 442857
97100 443344
97200 443841
97300 444413
97400 444907
97500 445393
97600 445911
97700 446404
97800 446853
97900 447403
98000 447924
98100 448408
98200 448869
98300 449375
98400 449881
98500 450383
98600 450851
98700 451340
98800 451926
98900 452411
99000 452868
99100 453407
99200 453892
99300 454349
99400 454859
99500 455351
99600 455865
99700 456351
99800 456835
99900 457326
