100 186
200 416
300 665
400 927
500 1193
600 1473
700 1754
800 2040
900 2330
1000 2623
1100 2924
1200 3220
1300 3522
1400 3829
1500 4136
1600 4453
1700 4760
1800 5069
1900 5385
2000 5704
2100 6029
2200 6341
2300 6664
2400 6993
2500 7318
2600 7649
2700 7971
2800 8300
2900 8638
3000 8965
3100 9297
3200 9626
3300 9961
3400 10299
3500 10637
3600 10975
3700 11319
3800 11646
3900 11985
4000 12335
4100 12678
4200 13016
4300 13356
4400 13702
4500 14049
4600 14381
4700 14734
4800 15082
4900 15445
5000 15780
5100 16119
5200 16470
5300 16826
5400 17185
5500 17534
5600 17856
5700 18241
5800 18589
5900 18946
6000 19292
6100 19658
6200 20010
6300 20362
6400 20701
6500 21062
6600 21422
6700 21773
6800 22139
6900 22502
7000 22860
7100 23218
7200 23575
7300 23915
7400 24301
7500 24656
7600 25037
7700 25375
7800 25741
7900 26107
8000 26487
8100 26861
8200 27184
8300 27567
8400 27909
8500 28302
8600 28649
8700 29032
8800 29360
8900 29778
9000 30129
9100 30494
9200 30900
9300 31217
9400 31597
9500 31960
9600 32346
9700 32712
9800 33087
9900 33450
10000 33815
10100 34181
10200 34567
10300 34941
10400 35281
10500 35654
10600 36025
10700 36395
10800 36761
10900 37138
11000 37525
11100 37883
11200 38248
11300 38636
11400 39007
11500 39374
11600 39749
11700 40143
11800 40510
11900 40886
12000 41230
12100 41644
12200 42017
12300 42418
12400 42748
12500 43161
12600 43525
12700 43939
12800 44268
12900 44685
13000 45048
13100 45431
13200 45773
13300 46185
13400 46590
13500 46955
13600 47330
13700 47729
13800 48077
13900 48461
14000 48837
14100 49246
14200 49558
14300 50016
14400 50365
14500 50739
14600 51085
14700 51463
14800 51868
14900 52261
15000 52657
15100 52973
15200 53381
15300 53804
15400 54169
15500 54571
15600 54929
15700 55330
15800 55678
15900 56023
16000 56442
16100 56833
16200 57223
16300 57570
16400 57988
16500 58349
16600 58763
16700 59148
16800 59497
16900 59927
17000 60256
17100 60643
17200 61052
17300 61430
17400 61846
17500 62242
17600 62620
17700 63003
17800 63354
17900 63722
18000 64167
18100 64592
18200 64951
18300 65320
18400 65721
18500 66126
18600 66512
18700 66938
18800 67305
18900 67725
19000 68040
19100 68498
19200 68890
19300 69238
19400 69620
19500 70008
19600 70424
19700 70810
19800 71233
19900 71575
20000 71980
20100 72428
20200 72754
20300 73129
20400 73558
20500 73956
20600 74371
20700 74758
20800 75175
20900 75534
21000 75949
21100 76353
21200 76721
21300 77078
21400 77522
21500 77858
21600 78289
21700 78699
21800 79083
21900 79480
22000 79884
22100 80244
22200 80606
22300 81076
22400 81469
22500 81876
22600 82236
22700 82610
22800 82984
22900 83434
23000 83873
23100 84239
23200 84603
23300 84924
23400 85373
23500 85726
23600 86158
23700 86558
23800 86914
23900 87348
24000 87749
24100 88135
24200 88484
24300 88913
24400 89300
24500 89691
24600 90073
24700 90418
24800 90855
24900 91255
25000 91672
25100 92121
25200 92388
25300 92826
25400 93284
25500 93599
25600 94054
25700 94389
25800 94786
25900 95258
26000 95595
26100 95988
26200 96395
26300 96741
26400 97111
26500 97548
26600 98009
26700 98331
26800 98775
26900 99176
27000 99520
27100 99872
27200 100297
27300 100731
27400 101206
27500 101503
27600 101869
27700 102279
27800 102681
27900 103063
28000 103452
28100 103880
28200 104276
28300 104690
28400 105086
28500 105499
28600 105867
28700 106240
28800 106598
28900 106978
29000 107423
29100 107851
29200 108170
29300 108590
29400 108995
29500 109371
29600 109730
29700 110166
29800 110509
29900 110945
30000 111336
30100 111734
30200 112135
30300 112564
30400 112879
30500 113341
30600 113787
30700 114098
30800 114538
30900 114898
31000 115331
31100 115700
31200 116006
31300 116502
31400 116884
31500 117312
31600 117671
31700 118083
31800 118359
31900 118801
32000 119207
32100 119611
32200 119993
32300 120464
32400 120821
32500 121201
32600 121559
32700 121970
32800 122377
32900 122815
33000 123220
33100 123654
33200 123981
33300 124453
33400 124836
33500 125275
33600 125687
33700 126092
33800 126499
33900 126766
34000 127329
34100 127771
34200 128149
34300 128537
34400 128952
34500 129302
34600 129715
34700 130286
34800 130565
34900 130959
35000 131429
35100 131814
35200 132194
35300 132624
35400 133033
35500 133548
35600 133875
35700 134205
35800 134689
35900 135118
36000 135541
36100 135980
36200 136350
36300 136715
36400 137277
36500 137658
36600 138009
36700 138474
36800 138760
36900 139157
37000 139718
37100 140086
37200 140526
37300 140909
37400 141321
37500 141705
37600 142115
37700 142568
37800 142988
37900 143259
38000 143865
38100 144293
38200 144621
38300 144994
38400 145573
38500 145934
38600 146378
38700 146698
38800 147185
38900 147667
39000 148009
39100 148430
39200 148796
39300 149250
39400 149662
39500 150032
39600 150428
39700 150859
39800 151334
39900 151743
40000 152102
40100 152525
40200 152965
40300 153367
40400 153796
40500 154202
40600 154660
40700 155066
40800 155428
40900 155916
41000 156229
41100 156768
41200 157168
41300 157611
41400 157898
41500 158377
41600 158776
41700 159228
41800 159668
41900 160062
42000 160525
42100 160914
42200 161170
42300 161735
42400 162131
42500 162588
42600 162932
42700 163395
42800 163843
42900 164233
43000 164599
43100 165040
43200 165524
43300 165906
43400 166392
43500 166868
43600 167113
43700 167548
43800 167964
43900 168460
44000 168807
44100 169208
44200 169566
44300 170093
44400 170483
44500 170963
44600 171302
44700 171718
44800 172257
44900 172542
45000 172940
45100 173431
45200 173815
45300 174227
45400 174734
45500 175030
45600 175454
45700 175948
45800 176404
45900 176802
46000 177207
46100 177484
46200 178059
46300 178362
46400 178968
46500 179295
46600 179671
46700 180048
46800 180465
46900 180944
47000 181249
47100 181752
47200 182083
47300 182528
47400 182959
47500 183384
47600 183908
47700 184233
47800 184778
47900 185009
48000 185489
48100 185875
48200 186324
48300 186840
48400 187124
48500 187577
48600 188091
48700 188435
48800 188752
48900 189213
49000 189680
49100 190132
49200 190526
49300 191004
49400 191294
49500 191735
49600 192206
49700 192672
49800 193019
49900 193341
50000 193909
50100 194374
50200 194719
50300 195187
50400 195567
50500 196076
50600 196391
50700 196729
50800 197180
50900 197549
51000 197965
51100 198447
51200 198925
51300 199253
51400 199746
51500 200030
51600 200587
51700 200809
51800 201337
51900 201734
52000 202231
52100 202627
52200 203107
52300 203396
52400 203956
52500 204211
52600 204667
52700 205115
52800 205488
52900 205905
53000 206335
53100 206794
53200 207171
53300 207628
53400 207869
53500 208574
53600 208932
53700 209268
53800 209740
53900 210247
54000 210433
54100 210964
54200 211554
54300 211835
54400 212115
54500 212588
54600 213029
54700 213409
54800 213879
54900 214339
55000 214715
55100 215214
55200 215409
55300 215928
55400 216351
55500 216797
55600 217291
55700 217618
55800 218052
55900 218472
56000 218823
56100 219275
56200 219738
56300 220096
56400 220561
56500 220997
56600 221349
56700 221785
56800 222293
56900 222636
57000 223121
57100 223508
57200 223712
57300 224367
57400 224715
57500 225227
57600 225633
57700 225968
57800 226492
57900 226744
58000 227169
58100 227589
58200 228017
58300 228426
58400 228943
58500 229203
58600 229572
58700 230200
58800 230515
58900 231087
59000 231482
59100 231831
59200 232285
59300 232663
59400 233133
59500 233470
59600 233914
59700 234306
59800 234673
59900 235259
60000 235707
60100 236014
60200 236492
60300 236847
60400 237245
60500 237707
60600 238171
60700 238378
60800 238952
60900 239395
61000 239812
61100 240138
61200 240583
61300 241027
61400 241477
61500 241933
61600 242234
61700 242642
61800 242968
61900 243493
62000 243981
62100 244379
62200 244764
62300 245224
62400 245605
62500 246101
62600 246373
62700 246923
62800 247224
62900 247700
63000 248017
63100 248499
63200 248844
63300 249371
63400 249734
63500 250255
63600 250568
63700 251000
63800 251444
63900 251747
64000 252328
64100 252620
64200 253156
64300 253442
64400 253930
64500 254497
64600 254663
64700 255054
64800 255703
64900 256023
65000 256528
65100 256843
65200 257198
65300 257568
65400 258201
65500 258637
65600 258809
65700 259293
65800 259821
65900 260149
66000 260450
66100 260930
66200 261290
66300 261936
66400 262452
66500 262737
66600 263043
66700 263608
66800 263954
66900 264266
67000 264955
67100 265277
67200 265580
67300 266090
67400 266462
67500 266983
67600 267261
67700 267613
67800 268087
67900 268442
68000 268959
68100 269348
68200 269813
68300 270138
68400 270604
68500 270958
68600 271454
68700 271916
68800 272236
68900 272698
69000 273213
69100 273447
69200 273937
69300 274370
69400 274826
69500 275182
69600 275606
69700 276088
69800 276556
69900 276846
70000 277364
70100 277803
70200 278129
70300 278588
70400 278801
70500 279367
70600 279915
70700 280314
70800 280705
70900 281005
71000 281307
71100 281780
71200 282272
71300 282529
71400 282949
71500 283494
71600 283901
71700 284284
71800 284783
71900 285205
72000 285573
72100 286043
72200 286418
72300 286884
72400 287369
72500 287655
72600 288073
72700 288479
72800 289048
72900 289354
73000 289846
73100 290319
73200 290772
73300 290959
73400 291400
73500 291999
73600 292227
73700 292603
73800 293145
73900 293624
74000 293890
74100 294284
74200 294691
74300 295144
74400 295643
74500 296051
74600 296469
74700 297018
74800 297251
74900 297850
75000 298075
75100 298532
75200 298965
75300 299315
75400 299774
75500 300329
75600 300676
75700 301102
75800 301534
75900 301831
76000 302227
76100 302645
76200 303203
76300 303483
76400 303981
76500 304467
76600 304821
76700 305220
76800 305568
76900 306054
77000 306516
77100 306924
77200 307409
77300 307613
77400 308104
77500 308584
77600 309043
77700 309539
77800 309945
77900 310340
78000 310567
78100 310924
78200 311568
78300 312136
78400 312302
78500 312718
78600 313100
78700 313387
78800 314118
78900 314428
79000 314844
79100 315181
79200 315668
79300 316124
79400 316422
79500 316910
79600 317177
79700 317630
79800 318159
79900 318253
80000 319073
80100 319279
80200 319843
80300 320207
80400 320617
80500 321024
80600 321598
80700 321919
80800 322342
80900 322845
81000 323167
81100 323709
81200 324017
81300 324397
81400 324727
81500 325426
81600 325605
81700 326051
81800 326405
81900 326990
82000 327267
82100 327813
82200 328283
82300 328484
82400 328993
82500 329465
82600 329764
82700 330202
82800 330684
82900 331070
83000 331541
83100 331777
83200 332356
83300 332679
83400 333166
83500 333623
83600 334072
83700 334359
83800 334715
83900 335320
84000 335703
84100 336194
84200 336556
84300 336887
84400 337173
84500 337691
84600 338194
84700 338680
84800 338862
84900 339413
85000 339868
85100 340227
85200 340708
85300 341091
85400 341466
85500 341935
85600 342190
85700 342773
85800 343242
85900 343612
86000 344011
86100 344504
86200 344780
86300 345214
86400 345753
86500 346024
86600 346478
86700 346956
86800 347296
86900 347641
87000 348036
87100 348604
87200 349012
87300 349393
87400 349855
87500 350192
87600 350753
87700 350999
87800 351469
87900 351873
88000 352424
88100 352712
88200 353183
88300 353523
88400 353964
88500 354555
88600 354976
88700 355279
88800 355638
88900 355954
89000 356503
89100 356846
89200 357307
89300 357721
89400 358131
89500 358678
89600 359008
89700 359404
89800 359877
89900 360248
90000 360669
90100 361020
90200 361469
90300 361859
90400 362412
90500 362841
90600 363230
90700 363616
90800 364100
90900 364323
91000 364888
91100 365438
91200 365585
91300 366025
91400 366490
91500 366864
91600 367386
91700 367540
91800 368154
91900 368606
92000 368971
92100 369455
92200 369881
92300 370212
92400 370661
92500 371018
92600 371591
92700 371944
92800 372303
92900 372888
93000 373193
93100 373551
93200 373923
93300 374335
93400 374693
93500 375467
93600 375671
93700 376062
93800 376374
93900 376943
94000 377480
94100 377694
94200 378233
94300 378587
94400 378986
94500 379428
94600 379760
94700 380309
94800 380601
94900 381064
95000 381546
95100 382098
95200 382463
95300 382865
95400 383136
95500 383678
95600 384071
95700 384542
95800 384959
95900 385266
96000 385641
96100 385974
96200 386402
96300 387101
96400 387403
96500 387767
96600 388082
96700 388571
96800 388911
96900 389535
97000 389867
97100 390206
97200 390789
97300 391074
97400 391682
97500 391844
97600 392345
97700 392840
97800 393130
97900 393722
98000 394119
98100 394357
98200 394811
98300 395240
98400 395805
98500 396108
98600 396385
98700 396767
98800 397262
98900 397658
99000 398324
99100 398504
99200 399056
99300 399516
99400 399915
99500 400399
99600 400649
99700 401372
99800 401477
99900 401821
