100 20
200 175
300 293
400 272
500 350
600 647
700 684
800 521
900 298
1000 959
1100 26
1200 955
1300 1082
1400 722
1500 1236
1600 1579
1700 1500
1800 678
1900 1816
2000 631
2100 2538
2200 1371
2300 2243
2400 986
2500 2108
2600 2649
2700 1184
2800 2169
2900 1547
3000 3067
3100 372
3200 2206
3300 2341
3400 1779
3500 2190
3600 2116
3700 2859
3800 3012
3900 2965
4000 1987
4100 1257
4200 2072
4300 1685
4400 4269
4500 2833
4600 3570
4700 4245
4800 1998
4900 1314
5000 4923
5100 4225
5200 3505
5300 2663
5400 4365
5500 6248
5600 2123
5700 4881
5800 4873
5900 5481
6000 2442
6100 3669
6200 6206
6300 3515
6400 2003
6500 7372
6600 4045
6700 3923
6800 1431
6900 4639
7000 6294
7100 1425
7200 464
7300 4119
7400 1834
7500 7531
7600 4811
7700 4472
7800 2845
7900 3677
8000 7976
8100 6802
8200 710
8300 4790
8400 5346
8500 6209
8600 5680
8700 5943
8800 7615
8900 3804
9000 3192
9100 5236
9200 2438
9300 5110
9400 6519
9500 10077
9600 4404
9700 7043
9800 8765
9900 1822
10000 6133
10100 2684
10200 4146
10300 4423
10400 8673
10500 8027
10600 8900
10700 6211
10800 9215
10900 5943
11000 8335
11100 6471
11200 2035
11300 7595
11400 8759
11500 5909
11600 4633
11700 8016
11800 10820
11900 7297
12000 10721
12100 16551
12200 4562
12300 10112
12400 7242
12500 1243
12600 5748
12700 3286
12800 4542
12900 13127
13000 10871
13100 2590
13200 12322
13300 11072
13400 5979
13500 16319
13600 602
13700 7222
13800 3847
13900 13410
14000 9678
14100 14110
14200 11348
14300 12571
14400 12771
14500 6713
14600 7147
14700 11468
14800 8640
14900 13729
15000 10868
15100 9900
15200 4114
15300 9943
15400 5404
15500 14145
15600 17419
15700 2050
15800 8217
15900 12804
16000 6328
16100 6559
16200 8418
16300 13332
16400 7764
16500 9174
16600 15002
16700 15963
16800 14258
16900 3484
17000 12816
17100 12846
17200 12006
17300 6605
17400 14295
17500 5195
17600 9334
17700 13000
17800 14587
17900 11507
18000 11234
18100 13724
18200 8534
18300 9206
18400 19800
18500 12906
18600 6252
18700 19324
18800 8727
18900 9786
19000 6390
19100 7561
19200 20326
19300 8597
19400 11636
19500 14898
19600 4264
19700 10008
19800 19698
19900 8266
20000 5891
20100 19086
20200 9401
20300 15218
20400 2322
20500 619
20600 17811
20700 16997
20800 15837
20900 26559
21000 10084
21100 10424
21200 10307
21300 9446
21400 21214
21500 12363
21600 21636
21700 9882
21800 8291
21900 19801
22000 7197
22100 16940
22200 16218
22300 13584
22400 17514
22500 4008
22600 22714
22700 12685
22800 25880
22900 8156
23000 12191
23100 16668
23200 11868
23300 17168
23400 10838
23500 14337
23600 22604
23700 5034
23800 3587
23900 21480
24000 9176
24100 949
24200 14515
24300 16139
24400 26858
24500 10476
24600 18750
24700 16111
24800 25151
24900 8985
25000 16290
25100 10042
25200 16168
25300 12037
25400 6428
25500 2595
25600 20541
25700 15509
25800 8789
25900 18774
26000 4511
26100 14150
26200 23935
26300 9543
26400 17691
26500 13220
26600 1049
26700 12727
26800 28793
26900 7372
27000 14854
27100 2952
27200 9198
27300 25687
27400 25579
27500 8092
27600 14303
27700 7561
27800 24779
27900 27567
28000 8910
28100 20809
28200 3524
28300 10018
28400 29023
28500 19410
28600 3111
28700 14203
28800 10763
28900 13342
29000 8552
29100 10430
29200 3724
29300 23339
29400 23058
29500 21730
29600 16161
29700 11602
29800 31014
29900 25764
30000 6473
30100 14743
30200 17150
30300 4913
30400 24078
30500 14151
30600 22551
30700 32187
30800 25649
30900 28759
31000 22790
31100 11430
31200 7719
31300 13161
31400 14043
31500 20477
31600 23591
31700 3495
31800 19577
31900 15728
32000 13196
32100 32569
32200 9751
32300 29770
32400 25439
32500 16360
32600 28321
32700 30727
32800 30190
32900 9077
33000 20448
33100 20944
33200 31313
33300 25391
33400 35439
33500 24719
33600 32966
33700 17270
33800 36747
33900 28176
34000 24357
34100 42021
34200 17527
34300 30595
34400 24930
34500 16920
34600 21115
34700 17827
34800 26701
34900 32943
35000 26613
35100 22569
35200 38008
35300 27470
35400 15903
35500 10835
35600 26780
35700 22588
35800 18542
35900 33372
36000 26256
36100 32290
36200 26486
36300 6352
36400 14472
36500 16341
36600 25109
36700 28481
36800 23246
36900 15194
37000 8840
37100 18813
37200 7480
37300 31338
37400 15731
37500 31396
37600 34321
37700 11514
37800 24834
37900 40184
38000 32868
38100 24823
38200 26878
38300 10619
38400 35416
38500 23547
38600 3841
38700 29106
38800 36947
38900 43676
39000 37263
39100 25256
39200 16421
39300 11873
39400 30565
39500 23270
39600 51094
39700 41558
39800 31501
39900 22973
40000 19350
40100 14050
40200 16297
40300 41868
40400 29902
40500 16055
40600 25120
40700 20643
40800 28902
40900 28779
41000 40631
41100 22468
41200 18756
41300 48628
41400 23673
41500 28894
41600 24546
41700 32364
41800 7369
41900 8405
42000 37537
42100 5886
42200 27415
42300 23206
42400 25277
42500 31907
42600 17894
42700 37155
42800 22873
42900 16719
43000 8653
43100 34908
43200 25237
43300 21350
43400 25595
43500 36273
43600 19776
43700 24543
43800 38701
43900 19860
44000 27721
44100 9042
44200 47914
44300 21858
44400 17637
44500 28014
44600 30852
44700 27569
44800 38513
44900 30638
45000 44199
45100 30897
45200 24432
45300 42467
45400 9560
45500 41031
45600 28586
45700 22539
45800 30113
45900 24837
46000 17985
46100 39803
46200 44023
46300 29980
46400 33197
46500 17504
46600 21068
46700 21107
46800 34485
46900 43866
47000 6917
47100 20942
47200 22640
47300 37675
47400 36836
47500 35717
47600 39014
47700 15532
47800 41427
47900 33341
48000 37156
48100 42073
48200 27926
48300 16497
48400 23533
48500 23900
48600 24900
48700 22348
48800 4835
48900 24248
49000 18836
49100 41999
49200 35842
49300 44111
49400 22379
49500 45624
49600 41816
49700 43568
49800 47549
49900 37063
50000 35375
50100 31435
50200 10422
50300 49366
50400 38831
50500 49403
50600 25610
50700 9297
50800 9336
50900 57642
51000 19722
51100 31812
51200 14564
51300 20302
51400 14406
51500 39395
51600 22637
51700 48965
51800 13815
51900 34096
52000 9596
52100 45553
52200 26319
52300 1177
52400 7833
52500 35322
52600 25743
52700 8576
52800 39085
52900 6272
53000 46359
53100 15420
53200 34511
53300 31934
53400 15633
53500 40862
53600 29326
53700 28118
53800 28925
53900 32411
54000 56933
54100 43074
54200 48198
54300 25584
54400 10387
54500 6371
54600 27910
54700 36174
54800 38211
54900 19260
55000 27782
55100 4532
55200 56638
55300 28980
55400 52031
55500 22073
55600 48636
55700 37463
55800 17135
55900 44437
56000 38736
56100 23326
56200 32685
56300 12643
56400 28202
56500 35546
56600 37646
56700 22633
56800 45516
56900 10258
57000 39129
57100 43875
57200 40813
57300 45627
57400 15409
57500 36632
57600 45931
57700 31446
57800 43862
57900 39435
58000 5636
58100 31727
58200 39071
58300 22872
58400 37807
58500 25044
58600 37498
58700 19468
58800 26806
58900 65742
59000 26326
59100 57423
59200 41553
59300 57628
59400 36485
59500 59011
59600 32414
59700 33034
59800 51677
59900 53388
60000 25979
60100 21719
60200 39560
60300 42633
60400 41313
60500 35152
60600 23146
60700 44571
60800 45172
60900 54045
61000 41356
61100 50024
61200 35970
61300 28773
61400 29821
61500 38585
61600 22594
61700 46635
61800 21333
61900 61235
62000 27953
62100 29031
62200 64292
62300 30832
62400 10689
62500 26509
62600 40462
62700 29437
62800 30865
62900 27629
63000 34599
63100 51289
63200 39601
63300 56186
63400 40412
63500 29214
63600 39994
63700 13287
63800 26897
63900 30817
64000 65060
64100 76608
64200 33215
64300 22697
64400 27328
64500 51283
64600 34755
64700 33801
64800 27973
64900 49165
65000 37259
65100 32355
65200 27235
65300 8418
65400 22652
65500 28603
65600 39956
65700 23243
65800 38055
65900 32410
66000 41824
66100 29812
66200 35613
66300 39673
66400 10868
66500 52514
66600 17182
66700 36288
66800 60908
66900 40147
67000 13276
67100 32997
67200 8834
67300 46013
67400 38549
67500 43296
67600 40125
67700 13741
67800 67493
67900 36325
68000 39202
68100 10203
68200 44892
68300 22993
68400 16821
68500 27211
68600 49325
68700 22910
68800 36715
68900 45636
69000 18970
69100 32565
69200 50888
69300 31889
69400 48944
69500 24332
69600 35427
69700 64082
69800 53582
69900 31699
70000 7225
70100 28771
70200 41117
70300 53404
70400 50612
70500 6928
70600 24032
70700 25383
70800 26561
70900 49998
71000 22568
71100 35353
71200 59882
71300 42696
71400 60572
71500 59792
71600 44613
71700 44098
71800 64652
71900 16966
72000 46948
72100 35733
72200 30010
72300 39090
72400 38459
72500 17276
72600 54668
72700 36810
72800 34839
72900 40947
73000 5817
73100 43611
73200 49947
73300 27705
73400 17739
73500 54326
73600 27287
73700 6098
73800 51018
73900 60315
74000 34637
74100 39768
74200 27999
74300 57030
74400 11047
74500 59024
74600 45353
74700 39846
74800 19467
74900 59126
75000 38985
75100 25056
75200 28966
75300 34851
75400 29508
75500 66562
75600 33415
75700 38976
75800 69389
75900 11923
76000 6730
76100 42891
76200 98380
76300 39485
76400 26804
76500 31803
76600 35737
76700 17731
76800 46429
76900 30936
77000 30489
77100 28310
77200 40471
77300 54521
77400 49869
77500 19273
77600 32519
77700 47722
77800 4302
77900 42630
78000 60668
78100 31019
78200 23623
78300 41404
78400 61257
78500 21814
78600 47880
78700 88254
78800 30352
78900 72951
79000 52003
79100 42161
79200 55491
79300 43723
79400 64749
79500 37499
79600 23401
79700 30759
79800 39231
79900 42370
80000 40128
80100 17623
80200 44164
80300 45342
80400 40101
80500 48156
80600 49612
80700 51533
80800 14610
80900 58183
81000 62730
81100 73687
81200 37746
81300 58938
81400 30060
81500 14474
81600 48509
81700 26584
81800 51043
81900 18182
82000 70408
82100 55594
82200 83106
82300 17254
82400 55212
82500 41605
82600 20473
82700 58894
82800 49070
82900 40836
83000 26008
83100 40411
83200 66940
83300 81082
83400 41509
83500 25340
83600 40540
83700 28477
83800 20583
83900 28848
84000 44990
84100 32581
84200 25171
84300 25107
84400 48854
84500 70792
84600 21714
84700 46356
84800 7066
84900 30137
85000 77275
85100 39947
85200 41984
85300 45610
85400 48304
85500 9957
85600 30080
85700 61070
85800 24781
85900 40890
86000 13910
86100 93463
86200 39091
86300 64780
86400 60805
86500 44016
86600 36755
86700 24282
86800 48601
86900 53087
87000 39523
87100 25184
87200 55139
87300 39362
87400 55598
87500 23148
87600 58304
87700 23465
87800 57015
87900 73188
88000 44651
88100 29365
88200 25994
88300 18782
88400 54282
88500 8167
88600 40348
88700 101852
88800 24826
88900 58415
89000 55469
89100 14201
89200 40075
89300 49303
89400 33388
89500 17574
89600 31399
89700 69642
89800 56414
89900 22912
90000 51162
90100 7090
90200 105726
90300 53834
90400 49146
90500 61957
90600 75017
90700 59001
90800 43703
90900 37916
91000 61554
91100 66003
91200 35804
91300 37649
91400 15537
91500 61200
91600 24733
91700 76021
91800 28499
91900 26803
92000 30718
92100 53805
92200 78999
92300 47054
92400 40554
92500 4103
92600 32505
92700 52414
92800 41454
92900 44806
93000 58326
93100 77601
93200 56736
93300 57705
93400 65514
93500 36325
93600 45590
93700 60002
93800 52022
93900 20655
94000 32739
94100 16035
94200 88025
94300 13174
94400 71569
94500 21997
94600 42198
94700 12926
94800 20150
94900 20421
95000 53665
95100 9658
95200 12191
95300 35049
95400 89635
95500 99148
95600 65240
95700 55485
95800 56722
95900 44410
96000 59539
96100 23196
96200 42217
96300 18736
96400 37604
96500 10132
96600 51868
96700 33220
96800 24130
96900 11671
97000 44963
97100 24502
97200 30588
97300 26329
97400 21731
97500 36037
97600 7214
97700 29059
97800 45757
97900 50485
98000 39420
98100 29731
98200 30426
98300 67038
98400 40886
98500 73061
98600 74374
98700 63735
98800 66096
98900 26475
99000 86344
99100 29599
99200 68704
99300 85317
99400 34030
99500 65901
99600 55275
99700 17480
99800 47876
99900 69996
