100 265
200 439
300 832
400 1226
500 1515
600 1933
700 1737
800 2755
900 2585
1000 3317
1100 3067
1200 2114
1300 4073
1400 3591
1500 4740
1600 3393
1700 6559
1800 4345
1900 6535
2000 3812
2100 5334
2200 5721
2300 4591
2400 8796
2500 8845
2600 6700
2700 7174
2800 5408
2900 8134
3000 6402
3100 7632
3200 10222
3300 8005
3400 8010
3500 8724
3600 8690
3700 12725
3800 8917
3900 10410
4000 13385
4100 17966
4200 11710
4300 10934
4400 11224
4500 15444
4600 8046
4700 10779
4800 13476
4900 13323
5000 13791
5100 10308
5200 10444
5300 17160
5400 12797
5500 14757
5600 15080
5700 19504
5800 15098
5900 21992
6000 20500
6100 18482
6200 15821
6300 17062
6400 15233
6500 19464
6600 22291
6700 13543
6800 18880
6900 18001
7000 25201
7100 20576
7200 17337
7300 15222
7400 14886
7500 16283
7600 18242
7700 26486
7800 16098
7900 19517
8000 23054
8100 21197
8200 20128
8300 13297
8400 15777
8500 16529
8600 29044
8700 18688
8800 22710
8900 26724
9000 21856
9100 24359
9200 20693
9300 33923
9400 27948
9500 32505
9600 22784
9700 18997
9800 37454
9900 25052
10000 23768
10100 28129
10200 32172
10300 21065
10400 21513
10500 28274
10600 35213
10700 32833
10800 22643
10900 40448
11000 23384
11100 29662
11200 32851
11300 26869
11400 53748
11500 29624
11600 34622
11700 33002
11800 52419
11900 33000
12000 23077
12100 43971
12200 30014
12300 29477
12400 26003
12500 23188
12600 31707
12700 33010
12800 28770
12900 37034
13000 41140
13100 30434
13200 36539
13300 35007
13400 32210
13500 47277
13600 20016
13700 35898
13800 48472
13900 32772
14000 44544
14100 34027
14200 44969
14300 34066
14400 38612
14500 30648
14600 40191
14700 33510
14800 31458
14900 31313
15000 32190
15100 28864
15200 37030
15300 38259
15400 36437
15500 50900
15600 25233
15700 52637
15800 52731
15900 54436
16000 29330
16100 32052
16200 38663
16300 53334
16400 47453
16500 55159
16600 53478
16700 32283
16800 61779
16900 45893
17000 42730
17100 40246
17200 62174
17300 39407
17400 60423
17500 51078
17600 52899
17700 33534
17800 44554
17900 35323
18000 46720
18100 62611
18200 48274
18300 74942
18400 75015
18500 60004
18600 36601
18700 44525
18800 41055
18900 52173
19000 41032
19100 33497
19200 40153
19300 43271
19400 51764
19500 57265
19600 61813
19700 69310
19800 39277
19900 43830
20000 33505
20100 47759
20200 43615
20300 56939
20400 42029
20500 61702
20600 51236
20700 40214
20800 71442
20900 43998
21000 48011
21100 48148
21200 44372
21300 47846
21400 57415
21500 67531
21600 58138
21700 53454
21800 70407
21900 39699
22000 65978
22100 44064
22200 56358
22300 57864
22400 67561
22500 54672
22600 47740
22700 91923
22800 53555
22900 41300
23000 61221
23100 58698
23200 78961
23300 62462
23400 57197
23500 50572
23600 82114
23700 56552
23800 50702
23900 62062
24000 68862
24100 37896
24200 82001
24300 71224
24400 60143
24500 73796
24600 75032
24700 59717
24800 70526
24900 69633
25000 62172
25100 46660
25200 52618
25300 67161
25400 69144
25500 34916
25600 57264
25700 59613
25800 81935
25900 67158
26000 65540
26100 76102
26200 65291
26300 83120
26400 83232
26500 99046
26600 52919
26700 70720
26800 72976
26900 59501
27000 84919
27100 36769
27200 73046
27300 89370
27400 67851
27500 87136
27600 54549
27700 56428
27800 68010
27900 57096
28000 46172
28100 71219
28200 82925
28300 83014
28400 60472
28500 62625
28600 70424
28700 69620
28800 98433
28900 63648
29000 86036
29100 73352
29200 83571
29300 80852
29400 98371
29500 99001
29600 82980
29700 71162
29800 70603
29900 52846
30000 103473
30100 86239
30200 66865
30300 76081
30400 81075
30500 77405
30600 86401
30700 62325
30800 100369
30900 58354
31000 86731
31100 83023
31200 68529
31300 72673
31400 97803
31500 61933
31600 61874
31700 119539
31800 64325
31900 75429
32000 74380
32100 80589
32200 99818
32300 71938
32400 86923
32500 56169
32600 82887
32700 77700
32800 70311
32900 102048
33000 108198
33100 93026
33200 111228
33300 71271
33400 76096
33500 112634
33600 75687
33700 79276
33800 74092
33900 147170
34000 104227
34100 96594
34200 80279
34300 100034
34400 137620
34500 99285
34600 138864
34700 70156
34800 91578
34900 87753
35000 71219
35100 85823
35200 85577
35300 114257
35400 117390
35500 180561
35600 78786
35700 79057
35800 79147
35900 131934
36000 67558
36100 120789
36200 93086
36300 86614
36400 86767
36500 94225
36600 58696
36700 114987
36800 111646
36900 74075
37000 96017
37100 121718
37200 135684
37300 89927
37400 93309
37500 121433
37600 93617
37700 91002
37800 95493
37900 152762
38000 104913
38100 94712
38200 125293
38300 111466
38400 93433
38500 133773
38600 87762
38700 110476
38800 140195
38900 85243
39000 113308
39100 85262
39200 117612
39300 96973
39400 75081
39500 87959
39600 84461
39700 119610
39800 86092
39900 98432
40000 115747
40100 149517
40200 110763
40300 131453
40400 128717
40500 86539
40600 121158
40700 127901
40800 95142
40900 74988
41000 106144
41100 110976
41200 123214
41300 111174
41400 109465
41500 94081
41600 115060
41700 174602
41800 91110
41900 81063
42000 137982
42100 112983
42200 122746
42300 98331
42400 140418
42500 122291
42600 88155
42700 137643
42800 127027
42900 104105
43000 158091
43100 138326
43200 112766
43300 142271
43400 118466
43500 91009
43600 89261
43700 103155
43800 125044
43900 79237
44000 112722
44100 119970
44200 140308
44300 107368
44400 118526
44500 86097
44600 111441
44700 118992
44800 86786
44900 131579
45000 87220
45100 96596
45200 121555
45300 98582
45400 98086
45500 85027
45600 104952
45700 147279
45800 146371
45900 110184
46000 178032
46100 86216
46200 99663
46300 120547
46400 143287
46500 96128
46600 139338
46700 122220
46800 132008
46900 148202
47000 162839
47100 136727
47200 94801
47300 103705
47400 108822
47500 91165
47600 115314
47700 129758
47800 181983
47900 128920
48000 169211
48100 103934
48200 134725
48300 135824
48400 116444
48500 105840
48600 158544
48700 114761
48800 106917
48900 146809
49000 135152
49100 113502
49200 131187
49300 125118
49400 108836
49500 117899
49600 118584
49700 113194
49800 152123
49900 156106
50000 160183
50100 115871
50200 136308
50300 154717
50400 129570
50500 150689
50600 106371
50700 120579
50800 145421
50900 112837
51000 122570
51100 151338
51200 125534
51300 115884
51400 117811
51500 130286
51600 151357
51700 105962
51800 161147
51900 106353
52000 172724
52100 109264
52200 145254
52300 153408
52400 135416
52500 139635
52600 159461
52700 166611
52800 138479
52900 168328
53000 155858
53100 125977
53200 134696
53300 189280
53400 126334
53500 135997
53600 226482
53700 253841
53800 137777
53900 97989
54000 119654
54100 177470
54200 159959
54300 136910
54400 116491
54500 167084
54600 150076
54700 131459
54800 167051
54900 124590
55000 230074
55100 123366
55200 128938
55300 133210
55400 133825
55500 115292
55600 143254
55700 144424
55800 130676
55900 152140
56000 134087
56100 109382
56200 128589
56300 183982
56400 130409
56500 85618
56600 115081
56700 145185
56800 131802
56900 132650
57000 219706
57100 129388
57200 168950
57300 123753
57400 158947
57500 160655
57600 157346
57700 134344
57800 193996
57900 231194
58000 129973
58100 114046
58200 172767
58300 161989
58400 89593
58500 121001
58600 194674
58700 125132
58800 123114
58900 187883
59000 162112
59100 165544
59200 138453
59300 264120
59400 126320
59500 154267
59600 123121
59700 206819
59800 171781
59900 152485
60000 120632
60100 162395
60200 148647
60300 157235
60400 167567
60500 112162
60600 152546
60700 195889
60800 165348
60900 159161
61000 166006
61100 132188
61200 155273
61300 259583
61400 157912
61500 193678
61600 163144
61700 144684
61800 125629
61900 177953
62000 168223
62100 225091
62200 234759
62300 265822
62400 153308
62500 150138
62600 144166
62700 260772
62800 200440
62900 137108
63000 171202
63100 199060
63200 199627
63300 159383
63400 121076
63500 186038
63600 144712
63700 154625
63800 264691
63900 133280
64000 158294
64100 248524
64200 203330
64300 149597
64400 104761
64500 152548
64600 144750
64700 286098
64800 146640
64900 177208
65000 182297
65100 135555
65200 124711
65300 120134
65400 183093
65500 204268
65600 170634
65700 139713
65800 196795
65900 174495
66000 195933
66100 172807
66200 174336
66300 152446
66400 143449
66500 132642
66600 120550
66700 164738
66800 179349
66900 179718
67000 225823
67100 156914
67200 145050
67300 175238
67400 184452
67500 179781
67600 153357
67700 118715
67800 164182
67900 132811
68000 122068
68100 153241
68200 174223
68300 125023
68400 107580
68500 191067
68600 186450
68700 193065
68800 122279
68900 134839
69000 165657
69100 196658
69200 139827
69300 118997
69400 126549
69500 287853
69600 166382
69700 192167
69800 169475
69900 267197
70000 236262
70100 144339
70200 174180
70300 190203
70400 219350
70500 197604
70600 116937
70700 163990
70800 173085
70900 246294
71000 188146
71100 179930
71200 229704
71300 259628
71400 135769
71500 224223
71600 239399
71700 174532
71800 164545
71900 135657
72000 167286
72100 235276
72200 174245
72300 143246
72400 163877
72500 174531
72600 136888
72700 175138
72800 229106
72900 248365
73000 233382
73100 209362
73200 286125
73300 196184
73400 163834
73500 142728
73600 237969
73700 140233
73800 179998
73900 130334
74000 215681
74100 143395
74200 170831
74300 196743
74400 246874
74500 145411
74600 133858
74700 297512
74800 138349
74900 142428
75000 160303
75100 198580
75200 146676
75300 270720
75400 148495
75500 277503
75600 142146
75700 162250
75800 120704
75900 144392
76000 156966
76100 201747
76200 175719
76300 156884
76400 141903
76500 194796
76600 192730
76700 255424
76800 211293
76900 183724
77000 231736
77100 205953
77200 181226
77300 181052
77400 151271
77500 196355
77600 199478
77700 229472
77800 199172
77900 245566
78000 195984
78100 199871
78200 225554
78300 234916
78400 196285
78500 268807
78600 262748
78700 155442
78800 130136
78900 149183
79000 176404
79100 209106
79200 210418
79300 185700
79400 255644
79500 208058
79600 190241
79700 168976
79800 173700
79900 209082
80000 182456
80100 163942
80200 238199
80300 196230
80400 168448
80500 136145
80600 219407
80700 187172
80800 162808
80900 192597
81000 215644
81100 275432
81200 241850
81300 132192
81400 254757
81500 147582
81600 204840
81700 225296
81800 207771
81900 162840
82000 188108
82100 184299
82200 210505
82300 207905
82400 261573
82500 233893
82600 166457
82700 243934
82800 257601
82900 190889
83000 235221
83100 269453
83200 298022
83300 175507
83400 147008
83500 143329
83600 141035
83700 234268
83800 322892
83900 199349
84000 147460
84100 197643
84200 288045
84300 205056
84400 222834
84500 219098
84600 175966
84700 202940
84800 232299
84900 221316
85000 262531
85100 224945
85200 168243
85300 205386
85400 193944
85500 219380
85600 153598
85700 185641
85800 225871
85900 136040
86000 217583
86100 173333
86200 245130
86300 191964
86400 138376
86500 242741
86600 140172
86700 147486
86800 213091
86900 192010
87000 206656
87100 271855
87200 216800
87300 236514
87400 208046
87500 193488
87600 189277
87700 159932
87800 216880
87900 178776
88000 214101
88100 171712
88200 202943
88300 152995
88400 128874
88500 210840
88600 214597
88700 130856
88800 274772
88900 189216
89000 219247
89100 170443
89200 193343
89300 167789
89400 158600
89500 189750
89600 227648
89700 192854
89800 239679
89900 209594
90000 307057
90100 166298
90200 238332
90300 222314
90400 238852
90500 169098
90600 225336
90700 215940
90800 226597
90900 262493
91000 260559
91100 213391
91200 274481
91300 193910
91400 235138
91500 218377
91600 233348
91700 335129
91800 284427
91900 212517
92000 323281
92100 187542
92200 251447
92300 201266
92400 189154
92500 241572
92600 225792
92700 233568
92800 139004
92900 266898
93000 286867
93100 278459
93200 218190
93300 235321
93400 251245
93500 210685
93600 285603
93700 244430
93800 198441
93900 207718
94000 223121
94100 203968
94200 325499
94300 185225
94400 230276
94500 248583
94600 233586
94700 220082
94800 213459
94900 308143
95000 252235
95100 146750
95200 208861
95300 219834
95400 313586
95500 298074
95600 154819
95700 213907
95800 240072
95900 161648
96000 232258
96100 278082
96200 187234
96300 287280
96400 241429
96500 196033
96600 171586
96700 206890
96800 188274
96900 236164
97000 216211
97100 337232
97200 174150
97300 267711
97400 208981
97500 251107
97600 351839
97700 261466
97800 311057
97900 211365
98000 294298
98100 196986
98200 399242
98300 164353
98400 220060
98500 217267
98600 260015
98700 264775
98800 218609
98900 239375
99000 239145
99100 248580
99200 441853
99300 225569
99400 220060
99500 238376
99600 196284
99700 247448
99800 262610
99900 207557
