100 138
200 361
300 486
400 778
500 678
600 984
700 1063
800 1321
900 1056
1000 1637
1100 1653
1200 1609
1300 1670
1400 2071
1500 2015
1600 2405
1700 2377
1800 2747
1900 3022
2000 2893
2100 3332
2200 2980
2300 3534
2400 4217
2500 3733
2600 5145
2700 2382
2800 3817
2900 3389
3000 6904
3100 4303
3200 4633
3300 4376
3400 5164
3500 5587
3600 5236
3700 7149
3800 7014
3900 5361
4000 5424
4100 5550
4200 6009
4300 5350
4400 7478
4500 7588
4600 7328
4700 7313
4800 6054
4900 7518
5000 8378
5100 7414
5200 8827
5300 6501
5400 8176
5500 9254
5600 6383
5700 9281
5800 10673
5900 8643
6000 9344
6100 7888
6200 9552
6300 9253
6400 8270
6500 10479
6600 9892
6700 8950
6800 10103
6900 13552
7000 11560
7100 10998
7200 11748
7300 11940
7400 10434
7500 12732
7600 14964
7700 12133
7800 11461
7900 11929
8000 12020
8100 13270
8200 10466
8300 10139
8400 12611
8500 15207
8600 10542
8700 13031
8800 11640
8900 10998
9000 13407
9100 9966
9200 12141
9300 15953
9400 16695
9500 18154
9600 13463
9700 12542
9800 15115
9900 12757
10000 14933
10100 14108
10200 12632
10300 17211
10400 14571
10500 16867
10600 13444
10700 17367
10800 17508
10900 15439
11000 15297
11100 15425
11200 18469
11300 17889
11400 15941
11500 16276
11600 17100
11700 16585
11800 18339
11900 24911
12000 18427
12100 25172
12200 18036
12300 22041
12400 16997
12500 19685
12600 16034
12700 17747
12800 17311
12900 25483
13000 24040
13100 13629
13200 27916
13300 19709
13400 19841
13500 21284
13600 19028
13700 21902
13800 18901
13900 20354
14000 19984
14100 21462
14200 20525
14300 23002
14400 32410
14500 25033
14600 25742
14700 21547
14800 16731
14900 23801
15000 20708
15100 23048
15200 25548
15300 23896
15400 23237
15500 30394
15600 31571
15700 21307
15800 23737
15900 26425
16000 26242
16100 20601
16200 20516
16300 23499
16400 25236
16500 19038
16600 28723
16700 26442
16800 30333
16900 26815
17000 25123
17100 32418
17200 27819
17300 22597
17400 26926
17500 22849
17600 29262
17700 30360
17800 25733
17900 26993
18000 31473
18100 25512
18200 31142
18300 31649
18400 33428
18500 28931
18600 20598
18700 36268
18800 27983
18900 25145
19000 25304
19100 24038
19200 26180
19300 30388
19400 25967
19500 29783
19600 26345
19700 28224
19800 30250
19900 28200
20000 25549
20100 35110
20200 26348
20300 37376
20400 29751
20500 31882
20600 26915
20700 33083
20800 35452
20900 35566
21000 34742
21100 27808
21200 29884
21300 29294
21400 33123
21500 36011
21600 39082
21700 23573
21800 25849
21900 40403
22000 33077
22100 39892
22200 40631
22300 33072
22400 35361
22500 31967
22600 37336
22700 36178
22800 39639
22900 32635
23000 36384
23100 38928
23200 35721
23300 32895
23400 29815
23500 31237
23600 33547
23700 25752
23800 37964
23900 42078
24000 33353
24100 34070
24200 39802
24300 34335
24400 36329
24500 28295
24600 38918
24700 39127
24800 39041
24900 35434
25000 43575
25100 33058
25200 37826
25300 35765
25400 26320
25500 30458
25600 38046
25700 28103
25800 37163
25900 45330
26000 34882
26100 34734
26200 47472
26300 40308
26400 43570
26500 44256
26600 37051
26700 38645
26800 46548
26900 39720
27000 39811
27100 35028
27200 37826
27300 39828
27400 39183
27500 31914
27600 39092
27700 38653
27800 41224
27900 45856
28000 35495
28100 42056
28200 43653
28300 47713
28400 38376
28500 41767
28600 39184
28700 34938
28800 41547
28900 37915
29000 36234
29100 50998
29200 37189
29300 35471
29400 47436
29500 48606
29600 39680
29700 46633
29800 53521
29900 40705
30000 42304
30100 36907
30200 42268
30300 47079
30400 42327
30500 44614
30600 51443
30700 49233
30800 48080
30900 51607
31000 47301
31100 32393
31200 38166
31300 42430
31400 36455
31500 41164
31600 47495
31700 42553
31800 48119
31900 37436
32000 40569
32100 48768
32200 37114
32300 39427
32400 43267
32500 64030
32600 56584
32700 55232
32800 58102
32900 34406
33000 47647
33100 62567
33200 52176
33300 41533
33400 49680
33500 46609
33600 54676
33700 46390
33800 55168
33900 56791
34000 46584
34100 57100
34200 43368
34300 51830
34400 49438
34500 54884
34600 44551
34700 48939
34800 44485
34900 47704
35000 57689
35100 44472
35200 53491
35300 50334
35400 49475
35500 40698
35600 47837
35700 41934
35800 52706
35900 61811
36000 57769
36100 55886
36200 51231
36300 51167
36400 52137
36500 53620
36600 67430
36700 59954
36800 55183
36900 58953
37000 49644
37100 55667
37200 50557
37300 69154
37400 46295
37500 50159
37600 54570
37700 54242
37800 54841
37900 64962
38000 64007
38100 69878
38200 57918
38300 53725
38400 60066
38500 48632
38600 63588
38700 64630
38800 72431
38900 68609
39000 68559
39100 69280
39200 75194
39300 51446
39400 60464
39500 68866
39600 76577
39700 63679
39800 57315
39900 54921
40000 72729
40100 53731
40200 61085
40300 58011
40400 61997
40500 59734
40600 65461
40700 51910
40800 77656
40900 62517
41000 69458
41100 69171
41200 50542
41300 69343
41400 58223
41500 67846
41600 67242
41700 70995
41800 52010
41900 53927
42000 71542
42100 63240
42200 65085
42300 62817
42400 59165
42500 67166
42600 58329
42700 56506
42800 52247
42900 72664
43000 71838
43100 74516
43200 64194
43300 55784
43400 52286
43500 60167
43600 56261
43700 78249
43800 71905
43900 62896
44000 58109
44100 62316
44200 65162
44300 62004
44400 80276
44500 67301
44600 55034
44700 52174
44800 80639
44900 71864
45000 72997
45100 74114
45200 62053
45300 69079
45400 55361
45500 67063
45600 64780
45700 82973
45800 75944
45900 85303
46000 65513
46100 78060
46200 79171
46300 79934
46400 71937
46500 79443
46600 84152
46700 71696
46800 64795
46900 80878
47000 64391
47100 79106
47200 82463
47300 69418
47400 89617
47500 61735
47600 78768
47700 47315
47800 83737
47900 82349
48000 83319
48100 70676
48200 57857
48300 72948
48400 66285
48500 55768
48600 84146
48700 81378
48800 58415
48900 75050
49000 75457
49100 82055
49200 78253
49300 90746
49400 66146
49500 89559
49600 87839
49700 83257
49800 84276
49900 74425
50000 72789
50100 70566
50200 60509
50300 75137
50400 82367
50500 87012
50600 63126
50700 74307
50800 82177
50900 97034
51000 72122
51100 81144
51200 81104
51300 68395
51400 79953
51500 74146
51600 84501
51700 81860
51800 70813
51900 76182
52000 82123
52100 90462
52200 86238
52300 76834
52400 80044
52500 82514
52600 67847
52700 57787
52800 93283
52900 77603
53000 87002
53100 90171
53200 99319
53300 80635
53400 80573
53500 89599
53600 63554
53700 62516
53800 93215
53900 83752
54000 105102
54100 84281
54200 90238
54300 94148
54400 75256
54500 95741
54600 84067
54700 76434
54800 99578
54900 96237
55000 79956
55100 80206
55200 84617
55300 87880
55400 102005
55500 76073
55600 90047
55700 82236
55800 75995
55900 92028
56000 74403
56100 61756
56200 78462
56300 72246
56400 88910
56500 87011
56600 73907
56700 93489
56800 104380
56900 86781
57000 97730
57100 83853
57200 97988
57300 118900
57400 74163
57500 86791
57600 104253
57700 74980
57800 84822
57900 78424
58000 85912
58100 113878
58200 87584
58300 92501
58400 94902
58500 92623
58600 97561
58700 79132
58800 71674
58900 105414
59000 86324
59100 95922
59200 82805
59300 110810
59400 98619
59500 99223
59600 103305
59700 101930
59800 101289
59900 101077
60000 90748
60100 87924
60200 70406
60300 70132
60400 106330
60500 84189
60600 90531
60700 84197
60800 112356
60900 96736
61000 79574
61100 104503
61200 83272
61300 90858
61400 111202
61500 82859
61600 80218
61700 133801
61800 88698
61900 113530
62000 76312
62100 103012
62200 89901
62300 110012
62400 86882
62500 104516
62600 100005
62700 92080
62800 88898
62900 117821
63000 96505
63100 91932
63200 97152
63300 110293
63400 104226
63500 88336
63600 73757
63700 74196
63800 71253
63900 89442
64000 133514
64100 143194
64200 85204
64300 107202
64400 85993
64500 100624
64600 89498
64700 112298
64800 94137
64900 97909
65000 90174
65100 85619
65200 90151
65300 97551
65400 75148
65500 109535
65600 116362
65700 92894
65800 106437
65900 85405
66000 99106
66100 75471
66200 106508
66300 99561
66400 84929
66500 124392
66600 81886
66700 92461
66800 113898
66900 89036
67000 89655
67100 98843
67200 106202
67300 123395
67400 90057
67500 102097
67600 114105
67700 94696
67800 125734
67900 116681
68000 137211
68100 92410
68200 123962
68300 105972
68400 64573
68500 104291
68600 109149
68700 112422
68800 114913
68900 132758
69000 105304
69100 115871
69200 133671
69300 113990
69400 103146
69500 131196
69600 91167
69700 104476
69800 104506
69900 81822
70000 119781
70100 89638
70200 110096
70300 114606
70400 111647
70500 79832
70600 125777
70700 70506
70800 72112
70900 108384
71000 66042
71100 82067
71200 97143
71300 103759
71400 149411
71500 96343
71600 120019
71700 89136
71800 118916
71900 77919
72000 117526
72100 96942
72200 97892
72300 111808
72400 86166
72500 99906
72600 133484
72700 93032
72800 88584
72900 92695
73000 82223
73100 123474
73200 107970
73300 118367
73400 89602
73500 104980
73600 82237
73700 110695
73800 104786
73900 133305
74000 106612
74100 115423
74200 99208
74300 116825
74400 115190
74500 122718
74600 122384
74700 139378
74800 112632
74900 104609
75000 124060
75100 138796
75200 92305
75300 104898
75400 123627
75500 119539
75600 116575
75700 120523
75800 109204
75900 93891
76000 94370
76100 119681
76200 159995
76300 93529
76400 110840
76500 90528
76600 129217
76700 113070
76800 115368
76900 119963
77000 82679
77100 154065
77200 97293
77300 123126
77400 109026
77500 126530
77600 99737
77700 115086
77800 98138
77900 122603
78000 121277
78100 101540
78200 145317
78300 125704
78400 120961
78500 103718
78600 100793
78700 133674
78800 121833
78900 134211
79000 117012
79100 120492
79200 124032
79300 116637
79400 118873
79500 107267
79600 126233
79700 80251
79800 117471
79900 120483
80000 111866
80100 117985
80200 121793
80300 125640
80400 131443
80500 134506
80600 129361
80700 120632
80800 133977
80900 106947
81000 118744
81100 154853
81200 98354
81300 135094
81400 97537
81500 77681
81600 110293
81700 116842
81800 124504
81900 84125
82000 133011
82100 107626
82200 112790
82300 102948
82400 126522
82500 98169
82600 115231
82700 153287
82800 102850
82900 141860
83000 89636
83100 119523
83200 114360
83300 160957
83400 117619
83500 143036
83600 112342
83700 105375
83800 145592
83900 128568
84000 127837
84100 96355
84200 113134
84300 127693
84400 112367
84500 128873
84600 119728
84700 145197
84800 112883
84900 94253
85000 152714
85100 99816
85200 125484
85300 110465
85400 121092
85500 111988
85600 119126
85700 138545
85800 104783
85900 128888
86000 103269
86100 165860
86200 125859
86300 129386
86400 112908
86500 113901
86600 107641
86700 124537
86800 97180
86900 118081
87000 110373
87100 121502
87200 143016
87300 129642
87400 137530
87500 118424
87600 134287
87700 117779
87800 147973
87900 161644
88000 126087
88100 92335
88200 93696
88300 100440
88400 115903
88500 86993
88600 139514
88700 174498
88800 89070
88900 140006
89000 110131
89100 94634
89200 109991
89300 118456
89400 103030
89500 134835
89600 104937
89700 161913
89800 114266
89900 147554
90000 148714
90100 116009
90200 179069
90300 125792
90400 132205
90500 157521
90600 138887
90700 138492
90800 120165
90900 163663
91000 103814
91100 182886
91200 118467
91300 105612
91400 115905
91500 97058
91600 108164
91700 149455
91800 122226
91900 136232
92000 144679
92100 165243
92200 133151
92300 151168
92400 164400
92500 96683
92600 122355
92700 136411
92800 135315
92900 132843
93000 138916
93100 138782
93200 170590
93300 153647
93400 134794
93500 140280
93600 132807
93700 130193
93800 131194
93900 137681
94000 137555
94100 87103
94200 134942
94300 158215
94400 154295
94500 130478
94600 144117
94700 126165
94800 132892
94900 178004
95000 182973
95100 127923
95200 119056
95300 129851
95400 133134
95500 158133
95600 125628
95700 148463
95800 99278
95900 146746
96000 172345
96100 126371
96200 120238
96300 105983
96400 135783
96500 93678
96600 155509
96700 140545
96800 121766
96900 183584
97000 144247
97100 130295
97200 149585
97300 140404
97400 121284
97500 139570
97600 151459
97700 99732
97800 148230
97900 136181
98000 138225
98100 191804
98200 123651
98300 122337
98400 154607
98500 187181
98600 167073
98700 147128
98800 146072
98900 139410
99000 155194
99100 86023
99200 140495
99300 169501
99400 131959
99500 123300
99600 136361
99700 101781
99800 134672
99900 171487
