100 240
200 566
300 897
400 1355
500 888
600 1433
700 1863
800 2010
900 2083
1000 2778
1100 3192
1200 2659
1300 2625
1400 3846
1500 3282
1600 3494
1700 3758
1800 5524
1900 5712
2000 5225
2100 5179
2200 4307
2300 5373
2400 10562
2500 6548
2600 7736
2700 5945
2800 5364
2900 5972
3000 13591
3100 6626
3200 6985
3300 7023
3400 8773
3500 8417
3600 8119
3700 13862
3800 15154
3900 9979
4000 13533
4100 12212
4200 10040
4300 10919
4400 14900
4500 13098
4600 14586
4700 17152
4800 10126
4900 12747
5000 13276
5100 11884
5200 19588
5300 13342
5400 12271
5500 13760
5600 10543
5700 14384
5800 23184
5900 12765
6000 15723
6100 12167
6200 17693
6300 21323
6400 14882
6500 16360
6600 20046
6700 13739
6800 26956
6900 24337
7000 19813
7100 21841
7200 20379
7300 22707
7400 19256
7500 17639
7600 20369
7700 16227
7800 22985
7900 28806
8000 19717
8100 22579
8200 19893
8300 21736
8400 23431
8500 29596
8600 17409
8700 20955
8800 32856
8900 17904
9000 25159
9100 16649
9200 25800
9300 27669
9400 28339
9500 34630
9600 24446
9700 22017
9800 27961
9900 20249
10000 24377
10100 28416
10200 22637
10300 26470
10400 34249
10500 24001
10600 21786
10700 30642
10800 36303
10900 31050
11000 24185
11100 23964
11200 40196
11300 23812
11400 27898
11500 33824
11600 26720
11700 32522
11800 35890
11900 51116
12000 24488
12100 37145
12200 26199
12300 34836
12400 27460
12500 34682
12600 30042
12700 37991
12800 26562
12900 45351
13000 34873
13100 22094
13200 61596
13300 51896
13400 35471
13500 28411
13600 38253
13700 30363
13800 34514
13900 31902
14000 50956
14100 32418
14200 35458
14300 32827
14400 49339
14500 41749
14600 47116
14700 44721
14800 32225
14900 41590
15000 48547
15100 40389
15200 34931
15300 36848
15400 58428
15500 46976
15600 51862
15700 32338
15800 45700
15900 63182
16000 47269
16100 36023
16200 44560
16300 32244
16400 35726
16500 31038
16600 39433
16700 38625
16800 51506
16900 52400
17000 33465
17100 59214
17200 48001
17300 33583
17400 45980
17500 40174
17600 41300
17700 52806
17800 41159
17900 41664
18000 60119
18100 46748
18200 52192
18300 69035
18400 45349
18500 65263
18600 45372
18700 66690
18800 56140
18900 35135
19000 54861
19100 41734
19200 34168
19300 51041
19400 34808
19500 48131
19600 53715
19700 38949
19800 45476
19900 62457
20000 43206
20100 58432
20200 42679
20300 70709
20400 68195
20500 65287
20600 39212
20700 69224
20800 62803
20900 65762
21000 70732
21100 56224
21200 46451
21300 44464
21400 57200
21500 73450
21600 68365
21700 37121
21800 64213
21900 68356
22000 81723
22100 65897
22200 91359
22300 56706
22400 52924
22500 57926
22600 60711
22700 58447
22800 82222
22900 57435
23000 106882
23100 73799
23200 68498
23300 54889
23400 43348
23500 54701
23600 54635
23700 70358
23800 96319
23900 84913
24000 84989
24100 50889
24200 70967
24300 55591
24400 61186
24500 51992
24600 55053
24700 66352
24800 64140
24900 59807
25000 53234
25100 84901
25200 87031
25300 59618
25400 68549
25500 68927
25600 69969
25700 41651
25800 81370
25900 71790
26000 69655
26100 70533
26200 73577
26300 60174
26400 83639
26500 63020
26600 87986
26700 77526
26800 80655
26900 83631
27000 57261
27100 92376
27200 74925
27300 71370
27400 74503
27500 61266
27600 67041
27700 76971
27800 69462
27900 64667
28000 76143
28100 81096
28200 68792
28300 77578
28400 57766
28500 81094
28600 86901
28700 75657
28800 88495
28900 77850
29000 66177
29100 98386
29200 64041
29300 44750
29400 68561
29500 89356
29600 62448
29700 87755
29800 109546
29900 65529
30000 73934
30100 74130
30200 80708
30300 73208
30400 82051
30500 75473
30600 65129
30700 71630
30800 88394
30900 85624
31000 96887
31100 53718
31200 56283
31300 65868
31400 69630
31500 71280
31600 65693
31700 87736
31800 68347
31900 81368
32000 64274
32100 87707
32200 64971
32300 51069
32400 78960
32500 169616
32600 102050
32700 78099
32800 100970
32900 62743
33000 75309
33100 103893
33200 96985
33300 58646
33400 73237
33500 103891
33600 96531
33700 102231
33800 79747
33900 104675
34000 56571
34100 91025
34200 82784
34300 85379
34400 97268
34500 90618
34600 75766
34700 81581
34800 73832
34900 64407
35000 92242
35100 73165
35200 65622
35300 88732
35400 78179
35500 112258
35600 85699
35700 61576
35800 138807
35900 102052
36000 105722
36100 112898
36200 75635
36300 101329
36400 75189
36500 87459
36600 127248
36700 136129
36800 94579
36900 126708
37000 101074
37100 119052
37200 108856
37300 120126
37400 91335
37500 90809
37600 76896
37700 116012
37800 91551
37900 103469
38000 124832
38100 141766
38200 109455
38300 113282
38400 84690
38500 110160
38600 164763
38700 116187
38800 164242
38900 119774
39000 109370
39100 132594
39200 125247
39300 92996
39400 93398
39500 103318
39600 114280
39700 101691
39800 92103
39900 115561
40000 109604
40100 141703
40200 126374
40300 111638
40400 111190
40500 101758
40600 136824
40700 102238
40800 123818
40900 103896
41000 100949
41100 119347
41200 88681
41300 105464
41400 98717
41500 116237
41600 95676
41700 99274
41800 71389
41900 101875
42000 138528
42100 146771
42200 123749
42300 121518
42400 87591
42500 130036
42600 119138
42700 92876
42800 79224
42900 117475
43000 163397
43100 190834
43200 92588
43300 105553
43400 79353
43500 92009
43600 102729
43700 131962
43800 126013
43900 100573
44000 101607
44100 97759
44200 85486
44300 139218
44400 165601
44500 175029
44600 82118
44700 90817
44800 134392
44900 136199
45000 122740
45100 125636
45200 101632
45300 129548
45400 87656
45500 102719
45600 104419
45700 200661
45800 135288
45900 175199
46000 121349
46100 135360
46200 118538
46300 128447
46400 126098
46500 148725
46600 159824
46700 150733
46800 97592
46900 127303
47000 115618
47100 137672
47200 134833
47300 110532
47400 182154
47500 101419
47600 133137
47700 75319
47800 141023
47900 163171
48000 139496
48100 122444
48200 103868
48300 131854
48400 127938
48500 92745
48600 170875
48700 176589
48800 110153
48900 148702
49000 139194
49100 132603
49200 129440
49300 202216
49400 128184
49500 144541
49600 176309
49700 146263
49800 119049
49900 142480
50000 107920
50100 117813
50200 133440
50300 110721
50400 157702
50500 156749
50600 112425
50700 136035
50800 150625
50900 155019
51000 134246
51100 129006
51200 170462
51300 140880
51400 136505
51500 114603
51600 173569
51700 112553
51800 130034
51900 116705
52000 135640
52100 167878
52200 149512
52300 142431
52400 142421
52500 139234
52600 131871
52700 109039
52800 134289
52900 180572
53000 113736
53100 176665
53200 167269
53300 120824
53400 134572
53500 181803
53600 116719
53700 90969
53800 226405
53900 152727
54000 262837
54100 120818
54200 182995
54300 152007
54400 139514
54500 169052
54600 141405
54700 146872
54800 172365
54900 151084
55000 128798
55100 133727
55200 133311
55300 178144
55400 174313
55500 184296
55600 165196
55700 143350
55800 121708
55900 258781
56000 125105
56100 107421
56200 140573
56300 141685
56400 144373
56500 141595
56600 123145
56700 163731
56800 171843
56900 205849
57000 217630
57100 176920
57200 144883
57300 163538
57400 123913
57500 174854
57600 195593
57700 139992
57800 145195
57900 133147
58000 168165
58100 190410
58200 132097
58300 212421
58400 174018
58500 211759
58600 148424
58700 137298
58800 138561
58900 168265
59000 210418
59100 138903
59200 114845
59300 174286
59400 149073
59500 164235
59600 163728
59700 223625
59800 173003
59900 158499
60000 170103
60100 151972
60200 119579
60300 124247
60400 221028
60500 164661
60600 216318
60700 149376
60800 203373
60900 129312
61000 198902
61100 170778
61200 220079
61300 143767
61400 193132
61500 130917
61600 137769
61700 249856
61800 159897
61900 243035
62000 124915
62100 252141
62200 147438
62300 250311
62400 173655
62500 214830
62600 145570
62700 149430
62800 188621
62900 254692
63000 199567
63100 140992
63200 171618
63300 215409
63400 207800
63500 178669
63600 166833
63700 152307
63800 132837
63900 142693
64000 215855
64100 217407
64200 171507
64300 209530
64400 242665
64500 155028
64600 120044
64700 217595
64800 229755
64900 240315
65000 148190
65100 176916
65200 200414
65300 169392
65400 152674
65500 219292
65600 267533
65700 175508
65800 207426
65900 166149
66000 226701
66100 162190
66200 212981
66300 168755
66400 200387
66500 258199
66600 172922
66700 157285
66800 178192
66900 133045
67000 161423
67100 161184
67200 220050
67300 175504
67400 160202
67500 167739
67600 199773
67700 199446
67800 181834
67900 233454
68000 270972
68100 266211
68200 344250
68300 250003
68400 144230
68500 184983
68600 204213
68700 208273
68800 202874
68900 262451
69000 275427
69100 179205
69200 229302
69300 219185
69400 186743
69500 269353
69600 127794
69700 138021
69800 204019
69900 117375
70000 190111
70100 125347
70200 218481
70300 242550
70400 195527
70500 139077
70600 214736
70700 174754
70800 162855
70900 154559
71000 103172
71100 146813
71200 157315
71300 188633
71400 252983
71500 145869
71600 197705
71700 152143
71800 188267
71900 165339
72000 188425
72100 146891
72200 197892
72300 260715
72400 150362
72500 233418
72600 223452
72700 221031
72800 139147
72900 160645
73000 174628
73100 232760
73200 257258
73300 189187
73400 213841
73500 152643
73600 162540
73700 274148
73800 134605
73900 298350
74000 208857
74100 198990
74200 204340
74300 274091
74400 151600
74500 217446
74600 230977
74700 274530
74800 201285
74900 169593
75000 225361
75100 239625
75200 209716
75300 184401
75400 221123
75500 206448
75600 286017
75700 248804
75800 164102
75900 182618
76000 239986
76100 331078
76200 361327
76300 192727
76400 153427
76500 173375
76600 236481
76700 330815
76800 255750
76900 237434
77000 160476
77100 273730
77200 177856
77300 293165
77400 177740
77500 263537
77600 152805
77700 245881
77800 172100
77900 249905
78000 174101
78100 195111
78200 382149
78300 198793
78400 188489
78500 177905
78600 138060
78700 218447
78800 329558
78900 254381
79000 178006
79100 224909
79200 190061
79300 195879
79400 239660
79500 217982
79600 223322
79700 135794
79800 283670
79900 201490
80000 221145
80100 194373
80200 194780
80300 238290
80400 274320
80500 236954
80600 228262
80700 206225
80800 310551
80900 170910
81000 254754
81100 204995
81200 169670
81300 217814
81400 177119
81500 151002
81600 186762
81700 321180
81800 245238
81900 214238
82000 260882
82100 167224
82200 179465
82300 164218
82400 173558
82500 179083
82600 193168
82700 270940
82800 165872
82900 271740
83000 153571
83100 229088
83200 194407
83300 251667
83400 185717
83500 296235
83600 249100
83700 184094
83800 283826
83900 257792
84000 335966
84100 197384
84200 228792
84300 257859
84400 204618
84500 206563
84600 266246
84700 357326
84800 191780
84900 296436
85000 238340
85100 174977
85200 249450
85300 190372
85400 246392
85500 199328
85600 247417
85700 363944
85800 195318
85900 203720
86000 164934
86100 302430
86200 201466
86300 220821
86400 165715
86500 178062
86600 171836
86700 230423
86800 197422
86900 287873
87000 195157
87100 285191
87200 226357
87300 217037
87400 226255
87500 327129
87600 237902
87700 395863
87800 348123
87900 238240
88000 241256
88100 194720
88200 154064
88300 252117
88400 203582
88500 204434
88600 242102
88700 347277
88800 221092
88900 300740
89000 184240
89100 195190
89200 269986
89300 258867
89400 210578
89500 293338
89600 182500
89700 200393
89800 213746
89900 387336
90000 288091
90100 176074
90200 334073
90300 182749
90400 281672
90500 272056
90600 234990
90700 213468
90800 238834
90900 314271
91000 215544
91100 320021
91200 303203
91300 243364
91400 184947
91500 153512
91600 179393
91700 322674
91800 197209
91900 278031
92000 250443
92100 299527
92200 310344
92300 262736
92400 263414
92500 256983
92600 215063
92700 368074
92800 213488
92900 227558
93000 258879
93100 204378
93200 298094
93300 274309
93400 274541
93500 256237
93600 178243
93700 226571
93800 210644
93900 356054
94000 268334
94100 188564
94200 206168
94300 408563
94400 313301
94500 309916
94600 418740
94700 241946
94800 290398
94900 318596
95000 344092
95100 198587
95200 279120
95300 234236
95400 169258
95500 223818
95600 257039
95700 285564
95800 194374
95900 286218
96000 310883
96100 217387
96200 195834
96300 282325
96400 290322
96500 156964
96600 322535
96700 285893
96800 231032
96900 336808
97000 227020
97100 243097
97200 198827
97300 270017
97400 234959
97500 284083
97600 299538
97700 237561
97800 265053
97900 263892
98000 231669
98100 488664
98200 194691
98300 221017
98400 293626
98500 367421
98600 290168
98700 223135
98800 245884
98900 306378
99000 248010
99100 226817
99200 193185
99300 279709
99400 272437
99500 224124
99600 271942
99700 235157
99800 269635
99900 391247
