100 159
200 311
300 423
400 605
500 747
600 920
700 1060
800 1321
900 1402
1000 1607
1100 1715
1200 1402
1300 1992
1400 2087
1500 2380
1600 2105
1700 2542
1800 3017
1900 2906
2000 2123
2100 3445
2200 3266
2300 3338
2400 4613
2500 3951
2600 4576
2700 4426
2800 3271
2900 5104
3000 3794
3100 4613
3200 6096
3300 5531
3400 4550
3500 5285
3600 5553
3700 6789
3800 4755
3900 6503
4000 7486
4100 7900
4200 8227
4300 6206
4400 6645
4500 6948
4600 5144
4700 6831
4800 7248
4900 7975
5000 7069
5100 5858
5200 6816
5300 7704
5400 8010
5500 7963
5600 10149
5700 10972
5800 7266
5900 9540
6000 9089
6100 9579
6200 9732
6300 10279
6400 8845
6500 9495
6600 10558
6700 7927
6800 10744
6900 11764
7000 13145
7100 11076
7200 11479
7300 9739
7400 9430
7500 10562
7600 11164
7700 11850
7800 10220
7900 11280
8000 13285
8100 13700
8200 12486
8300 9368
8400 11214
8500 11180
8600 12799
8700 12710
8800 12584
8900 16328
9000 13229
9100 12976
9200 11127
9300 12608
9400 12813
9500 14904
9600 12206
9700 13694
9800 14206
9900 13599
10000 16810
10100 16476
10200 18515
10300 16095
10400 12948
10500 17550
10600 18345
10700 20254
10800 12801
10900 20589
11000 15077
11100 13898
11200 17101
11300 16694
11400 21859
11500 19039
11600 16498
11700 20758
11800 22251
11900 18216
12000 16419
12100 19238
12200 20147
12300 20112
12400 15238
12500 18262
12600 19434
12700 19198
12800 15292
12900 21553
13000 22289
13100 17340
13200 21406
13300 19026
13400 20586
13500 19951
13600 16404
13700 17138
13800 17721
13900 22076
14000 25316
14100 18796
14200 27629
14300 20575
14400 19180
14500 21396
14600 20009
14700 17471
14800 21794
14900 20068
15000 18846
15100 18896
15200 21542
15300 23778
15400 25041
15500 22915
15600 20343
15700 27790
15800 24945
15900 24586
16000 23138
16100 23716
16200 23273
16300 25561
16400 22032
16500 28030
16600 34301
16700 23771
16800 27054
16900 22255
17000 26126
17100 23353
17200 27487
17300 24898
17400 35116
17500 27619
17600 34273
17700 23442
17800 24111
17900 25784
18000 24471
18100 30962
18200 22232
18300 31645
18400 32312
18500 34051
18600 21393
18700 26210
18800 27616
18900 22124
19000 27813
19100 24024
19200 25620
19300 24507
19400 27502
19500 31541
19600 36214
19700 37976
19800 26670
19900 25174
20000 24014
20100 31939
20200 26749
20300 34832
20400 26051
20500 36023
20600 28609
20700 27568
20800 35148
20900 31654
21000 31345
21100 29366
21200 28336
21300 26158
21400 32330
21500 33582
21600 29129
21700 33096
21800 36498
21900 27370
22000 41737
22100 28577
22200 29146
22300 29816
22400 31578
22500 33556
22600 36624
22700 35803
22800 31625
22900 29904
23000 32886
23100 33346
23200 30123
23300 42191
23400 30588
23500 27318
23600 37817
23700 31510
23800 32115
23900 38881
24000 42455
24100 24082
24200 36098
24300 34857
24400 36088
24500 39365
24600 34943
24700 23118
24800 42655
24900 36372
25000 33341
25100 32616
25200 31645
25300 38736
25400 35683
25500 25304
25600 39269
25700 35018
25800 42516
25900 37889
26000 34474
26100 37904
26200 40635
26300 45675
26400 54392
26500 43388
26600 28836
26700 37373
26800 38450
26900 39268
27000 33767
27100 26598
27200 37831
27300 39021
27400 42142
27500 38165
27600 34175
27700 36914
27800 40740
27900 36313
28000 27908
28100 29537
28200 59637
28300 40908
28400 42672
28500 44424
28600 47459
28700 39862
28800 46005
28900 36124
29000 37802
29100 46773
29200 48232
29300 43732
29400 43365
29500 40190
29600 36200
29700 44535
29800 47628
29900 40611
30000 48772
30100 45436
30200 41000
30300 44427
30400 39737
30500 46329
30600 45457
30700 49203
30800 51820
30900 38865
31000 47806
31100 39429
31200 42315
31300 51270
31400 53608
31500 45428
31600 44607
31700 65484
31800 40122
31900 42276
32000 41813
32100 48304
32200 45264
32300 48271
32400 57602
32500 37849
32600 51184
32700 49762
32800 41717
32900 42265
33000 51031
33100 46413
33200 45947
33300 54301
33400 43584
33500 56860
33600 52130
33700 51023
33800 45967
33900 61734
34000 48711
34100 50408
34200 51053
34300 51684
34400 59506
34500 44272
34600 52805
34700 47687
34800 59070
34900 50623
35000 45645
35100 51558
35200 49587
35300 65930
35400 63043
35500 79089
35600 50676
35700 52059
35800 48762
35900 56963
36000 49764
36100 60064
36200 47370
36300 54239
36400 58875
36500 45264
36600 49094
36700 51194
36800 57545
36900 51567
37000 49101
37100 67337
37200 70129
37300 51129
37400 55660
37500 60934
37600 47534
37700 48809
37800 66549
37900 63894
38000 59682
38100 55667
38200 51912
38300 62937
38400 59261
38500 57893
38600 53196
38700 60761
38800 76454
38900 60016
39000 70972
39100 52195
39200 65409
39300 59287
39400 42251
39500 53551
39600 47665
39700 66172
39800 57948
39900 48383
40000 57156
40100 69410
40200 55637
40300 71462
40400 70732
40500 56132
40600 64330
40700 66979
40800 64629
40900 48405
41000 51237
41100 65529
41200 74920
41300 58288
41400 60718
41500 53941
41600 55799
41700 74006
41800 64909
41900 61747
42000 65390
42100 68825
42200 62388
42300 63144
42400 67160
42500 80880
42600 61546
42700 60374
42800 60662
42900 68862
43000 75484
43100 85218
43200 66268
43300 85148
43400 62514
43500 59987
43600 57109
43700 73693
43800 71911
43900 48471
44000 66430
44100 65743
44200 80326
44300 70522
44400 71476
44500 47397
44600 72118
44700 74134
44800 53954
44900 64884
45000 59980
45100 59427
45200 61869
45300 70169
45400 65990
45500 61828
45600 60660
45700 58344
45800 68135
45900 66585
46000 68105
46100 48021
46200 70334
46300 64899
46400 76536
46500 65193
46600 62886
46700 74766
46800 74618
46900 66726
47000 77931
47100 70492
47200 75779
47300 71949
47400 70825
47500 61113
47600 67100
47700 72699
47800 96188
47900 86834
48000 82018
48100 64256
48200 73801
48300 69732
48400 56897
48500 59774
48600 78003
48700 70094
48800 74290
48900 65272
49000 73093
49100 59064
49200 64784
49300 82657
49400 66191
49500 58336
49600 74696
49700 58273
49800 83999
49900 63631
50000 91696
50100 63613
50200 84132
50300 74051
50400 64495
50500 87271
50600 65223
50700 88370
50800 80733
50900 75263
51000 64271
51100 82077
51200 65675
51300 75356
51400 68611
51500 75509
51600 80317
51700 69861
51800 80700
51900 55089
52000 94614
52100 74904
52200 60735
52300 74733
52400 80435
52500 76981
52600 91284
52700 78937
52800 92038
52900 93175
53000 99124
53100 84204
53200 82970
53300 72217
53400 89621
53500 75818
53600 114673
53700 93792
53800 82378
53900 57123
54000 75614
54100 79985
54200 77692
54300 87625
54400 82480
54500 75599
54600 85740
54700 83098
54800 97183
54900 64420
55000 89309
55100 72469
55200 79045
55300 79531
55400 72121
55500 84582
55600 96890
55700 68356
55800 94274
55900 85586
56000 64413
56100 61252
56200 88470
56300 113611
56400 111247
56500 58878
56600 79446
56700 75462
56800 71386
56900 80274
57000 105364
57100 76557
57200 78460
57300 79248
57400 91072
57500 101489
57600 91964
57700 75384
57800 86704
57900 101605
58000 73672
58100 87371
58200 86164
58300 98680
58400 54195
58500 68967
58600 100343
58700 74857
58800 70257
58900 105432
59000 101822
59100 82462
59200 77354
59300 119772
59400 91173
59500 89151
59600 85323
59700 96492
59800 90604
59900 77853
60000 80064
60100 83620
60200 78196
60300 76800
60400 101125
60500 76006
60600 83362
60700 89963
60800 91077
60900 95904
61000 90911
61100 88788
61200 88754
61300 110159
61400 82318
61500 85927
61600 79486
61700 79484
61800 71168
61900 93841
62000 105123
62100 108734
62200 119124
62300 116386
62400 91672
62500 84620
62600 84314
62700 122616
62800 97290
62900 88309
63000 111723
63100 93272
63200 92688
63300 83870
63400 78310
63500 90461
63600 83238
63700 95863
63800 111412
63900 90562
64000 95140
64100 89751
64200 105683
64300 83107
64400 63918
64500 94843
64600 103693
64700 108215
64800 84678
64900 103249
65000 109784
65100 91177
65200 67539
65300 74353
65400 101945
65500 97537
65600 105047
65700 85337
65800 113214
65900 95973
66000 114767
66100 95911
66200 106643
66300 96169
66400 77048
66500 88032
66600 88405
66700 93341
66800 105451
66900 87705
67000 119923
67100 84183
67200 79682
67300 112207
67400 89019
67500 114904
67600 78327
67700 60540
67800 90885
67900 90613
68000 62542
68100 92116
68200 100788
68300 88705
68400 71602
68500 110233
68600 101634
68700 105830
68800 59232
68900 97681
69000 94426
69100 107812
69200 82581
69300 79965
69400 84935
69500 98362
69600 88797
69700 97250
69800 101020
69900 104116
70000 137211
70100 90014
70200 113738
70300 113096
70400 131220
70500 109734
70600 77128
70700 112040
70800 95210
70900 102655
71000 98758
71100 119362
71200 101289
71300 114589
71400 83496
71500 123489
71600 140499
71700 110462
71800 98669
71900 83046
72000 113497
72100 137017
72200 101581
72300 90461
72400 96906
72500 98550
72600 93767
72700 108741
72800 123439
72900 124428
73000 126724
73100 113708
73200 123980
73300 107060
73400 83729
73500 90727
73600 114010
73700 87561
73800 96083
73900 74528
74000 99409
74100 87455
74200 113852
74300 128902
74400 124981
74500 93557
74600 89428
74700 111516
74800 85431
74900 97384
75000 108858
75100 93086
75200 88970
75300 121180
75400 100481
75500 129106
75600 106280
75700 85014
75800 76241
75900 96050
76000 102351
76100 101092
76200 118304
76300 118774
76400 83712
76500 119214
76600 111901
76700 123535
76800 117684
76900 91895
77000 116472
77100 122163
77200 95979
77300 112628
77400 91696
77500 103312
77600 122350
77700 101370
77800 113102
77900 113035
78000 124772
78100 116428
78200 136262
78300 143078
78400 94848
78500 136664
78600 120564
78700 114707
78800 91562
78900 91275
79000 92106
79100 126359
79200 120604
79300 104695
79400 139046
79500 106551
79600 94073
79700 111278
79800 122877
79900 138142
80000 99934
80100 89294
80200 128823
80300 121170
80400 88548
80500 87180
80600 114224
80700 108923
80800 100035
80900 111201
81000 122637
81100 147237
81200 129237
81300 93503
81400 124022
81500 102304
81600 94577
81700 121905
81800 116120
81900 93723
82000 127215
82100 118543
82200 120269
82300 117432
82400 114188
82500 134616
82600 92798
82700 124715
82800 102832
82900 127133
83000 148578
83100 143402
83200 119476
83300 121738
83400 116095
83500 101585
83600 99894
83700 112897
83800 121721
83900 106656
84000 94458
84100 119331
84200 142362
84300 152897
84400 128319
84500 100919
84600 107124
84700 109648
84800 128161
84900 131464
85000 142851
85100 123700
85200 111475
85300 139263
85400 116861
85500 122366
85600 91669
85700 122503
85800 128642
85900 90474
86000 101152
86100 112337
86200 120434
86300 129449
86400 80520
86500 135802
86600 96856
86700 102498
86800 132913
86900 120936
87000 117265
87100 136966
87200 124445
87300 156886
87400 106428
87500 104792
87600 105729
87700 93365
87800 86996
87900 85697
88000 123643
88100 112204
88200 118801
88300 112437
88400 99757
88500 121387
88600 112944
88700 87632
88800 122947
88900 121619
89000 130866
89100 105345
89200 144943
89300 109232
89400 102146
89500 117610
89600 133356
89700 95771
89800 127791
89900 113387
90000 132217
90100 116479
90200 125201
90300 129621
90400 119234
90500 117676
90600 123965
90700 109808
90800 146084
90900 118568
91000 139902
91100 129970
91200 123908
91300 116782
91400 113947
91500 125628
91600 132239
91700 137895
91800 140411
91900 123015
92000 120021
92100 103798
92200 131737
92300 115652
92400 106372
92500 149847
92600 123116
92700 138362
92800 93077
92900 145480
93000 128445
93100 141985
93200 103318
93300 110650
93400 124796
93500 128373
93600 121376
93700 135270
93800 96268
93900 119251
94000 140317
94100 131557
94200 169653
94300 108776
94400 140925
94500 112612
94600 120565
94700 147623
94800 123434
94900 171032
95000 109871
95100 91118
95200 104023
95300 139176
95400 147572
95500 137548
95600 87191
95700 138515
95800 144557
95900 109551
96000 167032
96100 162721
96200 115127
96300 168121
96400 130017
96500 124007
96600 107948
96700 130821
96800 136955
96900 133879
97000 134304
97100 138425
97200 123340
97300 161459
97400 131936
97500 121098
97600 134487
97700 121178
97800 142909
97900 128780
98000 139082
98100 118681
98200 165032
98300 101071
98400 126435
98500 121885
98600 156229
98700 117167
98800 139899
98900 127855
99000 141314
99100 155593
99200 188132
99300 106115
99400 92573
99500 135565
99600 115425
99700 122359
99800 121809
99900 123344
