100 71
200 111
300 304
400 139
500 406
600 406
700 698
800 795
900 237
1000 1044
1100 477
1200 476
1300 338
1400 783
1500 448
1600 1569
1700 794
1800 1469
1900 611
2000 444
2100 1368
2200 2030
2300 1832
2400 2200
2500 2038
2600 2385
2700 1894
2800 1488
2900 2683
3000 2450
3100 2997
3200 3787
3300 3189
3400 1278
3500 2306
3600 3780
3700 2672
3800 2599
3900 4068
4000 3261
4100 4168
4200 3753
4300 937
4400 3361
4500 4525
4600 2012
4700 4157
4800 2988
4900 4171
5000 2369
5100 3087
5200 1482
5300 3443
5400 4475
5500 4403
5600 4532
5700 3973
5800 1786
5900 1023
6000 2915
6100 4259
6200 4070
6300 5976
6400 5362
6500 5579
6600 5200
6700 3258
6800 6357
6900 7047
7000 6113
7100 7085
7200 5317
7300 4597
7400 4683
7500 5963
7600 6439
7700 4167
7800 4038
7900 5187
8000 7473
8100 4986
8200 8547
8300 2445
8400 4204
8500 5783
8600 4406
8700 8786
8800 4790
8900 7425
9000 2052
9100 6432
9200 2019
9300 5875
9400 7119
9500 3998
9600 6066
9700 8087
9800 2720
9900 2727
10000 6393
10100 5754
10200 5087
10300 9092
10400 5994
10500 6013
10600 6808
10700 11455
10800 4780
10900 11338
11000 1460
11100 1196
11200 6487
11300 8038
11400 7618
11500 10301
11600 5754
11700 10147
11800 8987
11900 6893
12000 10205
12100 7427
12200 10672
12300 6818
12400 8266
12500 10867
12600 11642
12700 8194
12800 7544
12900 1965
13000 12443
13100 5754
13200 9366
13300 9714
13400 8842
13500 3320
13600 14438
13700 7685
13800 6217
13900 15286
14000 15665
14100 4160
14200 10089
14300 3677
14400 2233
14500 11863
14600 3545
14700 8959
14800 6874
14900 2776
15000 13631
15100 7706
15200 14531
15300 14533
15400 10615
15500 14070
15600 16161
15700 15110
15800 15225
15900 4564
16000 16276
16100 16054
16200 13176
16300 13698
16400 901
16500 7492
16600 16114
16700 17078
16800 3279
16900 10200
17000 13156
17100 9301
17200 14377
17300 17412
17400 17740
17500 10333
17600 14493
17700 8989
17800 15107
17900 13927
18000 1383
18100 18767
18200 2845
18300 12269
18400 18463
18500 16499
18600 11617
18700 12645
18800 13638
18900 7181
19000 3243
19100 12474
19200 6502
19300 3414
19400 8914
19500 13069
19600 16524
19700 13563
19800 14381
19900 7894
20000 10353
20100 17228
20200 9273
20300 23505
20400 1113
20500 13882
20600 15891
20700 6832
20800 9882
20900 19293
21000 5425
21100 7964
21200 10109
21300 8019
21400 13252
21500 22291
21600 8947
21700 22066
21800 10732
21900 8950
22000 18987
22100 17444
22200 7226
22300 10192
22400 10772
22500 9515
22600 20259
22700 20796
22800 9196
22900 19098
23000 3769
23100 20766
23200 9424
23300 20874
23400 12891
23500 15632
23600 17060
23700 16791
23800 5180
23900 23794
24000 28687
24100 9362
24200 10676
24300 4525
24400 17108
24500 20020
24600 15533
24700 2900
24800 28263
24900 12592
25000 19592
25100 16483
25200 12418
25300 19446
25400 7177
25500 12159
25600 26420
25700 15375
25800 18941
25900 5680
26000 21263
26100 11772
26200 24569
26300 13999
26400 35208
26500 27279
26600 2107
26700 15035
26800 22412
26900 22242
27000 12516
27100 7697
27200 11561
27300 10436
27400 23654
27500 4574
27600 20842
27700 23451
27800 18991
27900 22844
28000 11656
28100 9758
28200 33230
28300 10922
28400 15847
28500 32461
28600 29019
28700 12022
28800 21244
28900 14811
29000 17665
29100 19081
29200 30514
29300 23068
29400 18065
29500 18690
29600 13238
29700 22646
29800 19641
29900 20540
30000 32632
30100 15317
30200 25078
30300 30631
30400 18772
30500 14932
30600 31065
30700 36328
30800 6354
30900 22466
31000 24376
31100 21034
31200 27075
31300 31924
31400 27391
31500 18768
31600 32935
31700 32428
31800 15638
31900 18278
32000 13929
32100 27761
32200 17465
32300 8736
32400 32973
32500 3861
32600 17646
32700 8963
32800 16996
32900 13462
33000 18210
33100 22985
33200 14904
33300 28619
33400 18429
33500 25112
33600 37405
33700 22750
33800 23862
33900 35153
34000 29107
34100 33256
34200 38713
34300 36047
34400 33131
34500 10185
34600 24777
34700 28929
34800 33073
34900 5646
35000 27867
35100 14100
35200 28393
35300 24861
35400 31788
35500 45266
35600 35380
35700 28644
35800 33346
35900 28774
36000 31234
36100 24757
36200 6822
36300 20634
36400 29976
36500 13446
36600 35834
36700 9618
36800 26821
36900 11806
37000 20957
37100 36898
37200 31817
37300 24717
37400 34726
37500 21622
37600 17824
37700 25329
37800 37196
37900 21087
38000 22406
38100 25332
38200 2073
38300 13422
38400 19084
38500 4826
38600 12270
38700 19810
38800 39180
38900 23916
39000 30686
39100 21559
39200 27636
39300 15219
39400 10854
39500 29213
39600 23923
39700 4272
39800 31285
39900 9720
40000 4263
40100 8306
40200 12247
40300 33842
40400 10419
40500 30635
40600 9402
40700 25650
40800 42446
40900 26618
41000 4773
41100 39950
41200 19272
41300 29101
41400 19880
41500 33275
41600 21178
41700 26433
41800 30198
41900 30600
42000 19689
42100 35556
42200 17911
42300 26011
42400 24761
42500 34495
42600 31261
42700 11662
42800 16617
42900 41562
43000 40213
43100 46209
43200 27483
43300 44379
43400 33939
43500 21293
43600 22603
43700 34736
43800 30222
43900 20113
44000 39889
44100 40373
44200 40684
44300 41422
44400 22011
44500 13900
44600 25647
44700 28203
44800 16786
44900 35779
45000 29112
45100 25261
45200 33567
45300 38668
45400 25561
45500 15549
45600 40459
45700 16486
45800 35646
45900 21706
46000 26212
46100 18378
46200 21360
46300 41383
46400 37159
46500 15366
46600 30862
46700 27909
46800 37640
46900 27656
47000 27153
47100 18289
47200 35716
47300 27741
47400 32640
47500 23100
47600 27043
47700 35344
47800 45456
47900 40560
48000 21533
48100 21266
48200 33779
48300 39628
48400 14938
48500 20018
48600 23529
48700 19107
48800 42119
48900 14272
49000 3534
49100 22293
49200 24338
49300 42328
49400 31699
49500 24785
49600 35598
49700 16061
49800 26728
49900 7825
50000 46456
50100 25137
50200 52210
50300 23718
50400 26040
50500 49283
50600 9849
50700 59887
50800 36688
50900 23609
51000 25817
51100 19033
51200 19964
51300 26195
51400 30550
51500 33769
51600 29174
51700 35925
51800 29633
51900 31516
52000 19691
52100 29004
52200 20098
52300 10680
52400 30800
52500 13386
52600 50507
52700 4590
52800 38828
52900 37497
53000 38836
53100 23633
53200 54597
53300 20957
53400 47862
53500 29226
53600 62968
53700 44477
53800 43532
53900 4185
54000 47089
54100 21509
54200 54065
54300 28255
54400 46963
54500 28552
54600 42407
54700 54271
54800 50897
54900 42981
55000 35240
55100 30438
55200 26431
55300 24073
55400 16324
55500 55589
55600 59604
55700 7819
55800 36113
55900 38047
56000 10534
56100 14079
56200 41935
56300 64064
56400 84856
56500 24252
56600 22888
56700 17802
56800 32889
56900 29830
57000 39742
57100 34508
57200 10169
57300 35207
57400 64132
57500 48766
57600 47470
57700 36772
57800 25967
57900 23968
58000 23537
58100 27037
58200 24796
58300 56871
58400 22949
58500 38629
58600 61990
58700 33525
58800 27893
58900 36801
59000 60610
59100 33236
59200 24093
59300 29328
59400 31497
59500 47450
59600 7468
59700 31125
59800 14749
59900 25011
60000 48693
60100 35294
60200 19101
60300 19452
60400 32732
60500 32449
60600 31904
60700 31410
60800 55314
60900 47436
61000 9696
61100 17514
61200 36640
61300 34810
61400 27372
61500 30968
61600 25519
61700 28455
61800 33574
61900 8192
62000 42681
62100 55941
62200 45229
62300 50368
62400 23381
62500 29604
62600 26135
62700 37952
62800 19954
62900 43992
63000 56020
63100 38077
63200 45830
63300 39409
63400 42156
63500 17319
63600 39697
63700 57011
63800 34502
63900 65915
64000 15407
64100 45315
64200 27630
64300 12799
64400 16261
64500 46968
64600 43528
64700 9304
64800 34839
64900 36381
65000 69440
65100 31072
65200 13580
65300 12174
65400 21750
65500 20060
65600 55133
65700 35813
65800 48346
65900 38743
66000 54680
66100 51696
66200 20329
66300 29697
66400 11179
66500 24167
66600 31345
66700 57031
66800 19651
66900 26923
67000 71235
67100 24416
67200 38097
67300 20625
67400 37586
67500 41155
67600 27797
67700 21650
67800 45530
67900 43564
68000 16421
68100 53330
68200 52733
68300 38820
68400 22964
68500 45048
68600 36851
68700 23566
68800 6549
68900 38074
69000 27612
69100 4186
69200 48169
69300 39938
69400 47832
69500 25262
69600 42738
69700 45291
69800 55774
69900 17579
70000 50987
70100 47654
70200 34818
70300 44750
70400 71671
70500 51865
70600 49368
70700 58034
70800 43597
70900 17220
71000 47524
71100 51958
71200 37390
71300 48532
71400 37686
71500 56509
71600 42700
71700 45540
71800 34968
71900 38424
72000 59153
72100 66160
72200 39508
72300 25253
72400 44440
72500 39900
72600 38003
72700 9297
72800 24771
72900 36817
73000 54347
73100 28999
73200 40915
73300 61073
73400 7625
73500 33768
73600 54745
73700 45917
73800 36116
73900 27265
74000 38999
74100 6404
74200 43245
74300 62094
74400 13000
74500 52831
74600 64412
74700 28647
74800 15292
74900 45042
75000 16674
75100 21280
75200 19694
75300 30615
75400 40827
75500 26475
75600 54535
75700 5523
75800 30381
75900 39048
76000 27732
76100 9659
76200 59743
76300 75183
76400 37955
76500 42751
76600 39231
76700 56810
76800 31046
76900 7759
77000 41218
77100 47451
77200 17533
77300 61368
77400 14528
77500 46345
77600 46015
77700 29806
77800 53011
77900 37618
78000 49043
78100 58783
78200 29795
78300 64675
78400 18134
78500 35464
78600 62933
78700 70599
78800 64156
78900 20683
79000 38634
79100 66717
79200 64536
79300 8843
79400 75889
79500 45903
79600 28669
79700 33616
79800 33618
79900 60258
80000 28853
80100 31730
80200 51483
80300 48647
80400 33210
80500 43592
80600 39697
80700 26740
80800 52040
80900 26052
81000 55172
81100 69361
81200 66479
81300 43385
81400 44096
81500 24000
81600 33532
81700 59925
81800 25812
81900 29146
82000 53447
82100 42657
82200 42927
82300 45025
82400 20091
82500 60337
82600 21686
82700 47334
82800 42582
82900 80350
83000 92383
83100 31578
83200 53980
83300 38679
83400 81964
83500 36022
83600 39488
83700 40629
83800 30427
83900 48299
84000 32232
84100 15591
84200 51008
84300 86887
84400 46366
84500 21302
84600 55607
84700 22778
84800 86785
84900 52080
85000 84726
85100 67717
85200 45081
85300 65719
85400 81117
85500 49070
85600 40218
85700 58717
85800 39273
85900 53574
86000 36015
86100 60735
86200 48931
86300 50997
86400 34746
86500 72676
86600 20900
86700 30722
86800 57892
86900 26375
87000 51954
87100 54255
87200 21404
87300 55211
87400 39974
87500 55403
87600 43539
87700 31478
87800 43610
87900 31155
88000 62057
88100 32250
88200 30365
88300 27731
88400 52960
88500 35448
88600 20469
88700 19166
88800 40922
88900 22428
89000 67325
89100 55789
89200 70256
89300 18577
89400 53673
89500 44834
89600 65255
89700 35222
89800 37972
89900 46482
90000 41677
90100 31957
90200 56678
90300 63422
90400 26003
90500 90157
90600 30346
90700 38529
90800 48163
90900 30775
91000 53809
91100 50512
91200 18233
91300 64684
91400 26110
91500 40561
91600 68978
91700 26175
91800 73784
91900 46025
92000 34373
92100 34680
92200 79214
92300 37120
92400 36193
92500 57350
92600 59376
92700 73542
92800 66682
92900 74795
93000 40182
93100 45621
93200 44214
93300 70865
93400 48456
93500 55998
93600 59447
93700 49451
93800 20691
93900 63428
94000 82466
94100 74278
94200 119811
94300 42507
94400 80541
94500 49680
94600 40938
94700 55951
94800 84235
94900 43400
95000 26524
95100 3542
95200 38573
95300 36687
95400 71694
95500 61465
95600 29166
95700 76034
95800 84458
95900 78945
96000 37769
96100 65604
96200 32350
96300 79982
96400 33265
96500 48228
96600 48389
96700 80351
96800 92048
96900 59332
97000 72427
97100 30882
97200 61697
97300 50778
97400 43298
97500 67329
97600 49259
97700 43800
97800 25729
97900 70925
98000 67006
98100 68316
98200 34705
98300 54264
98400 32114
98500 17432
98600 46933
98700 28691
98800 50666
98900 44498
99000 48470
99100 31011
99200 35624
99300 52820
99400 21220
99500 48563
99600 41449
99700 39229
99800 54211
99900 57468
