100 434
200 1024
300 1381
400 1951
500 2412
600 2687
700 3631
800 3398
900 4539
1000 3717
1100 4485
1200 5315
1300 5494
1400 5920
1500 5548
1600 7422
1700 8259
1800 7644
1900 8209
2000 10538
2100 8037
2200 10763
2300 10780
2400 11982
2500 12772
2600 10950
2700 11733
2800 12325
2900 11666
3000 13240
3100 19170
3200 13897
3300 14475
3400 14368
3500 17327
3600 14728
3700 20161
3800 18809
3900 20302
4000 15521
4100 16101
4200 17955
4300 19926
4400 19837
4500 18719
4600 21346
4700 20213
4800 20041
4900 19403
5000 20134
5100 21201
5200 21908
5300 22011
5400 24372
5500 22345
5600 24912
5700 24287
5800 26162
5900 25694
6000 27502
6100 27390
6200 30201
6300 32056
6400 28535
6500 30219
6600 29979
6700 41213
6800 29583
6900 32244
7000 27947
7100 34851
7200 33881
7300 40376
7400 43345
7500 31217
7600 36640
7700 34169
7800 32254
7900 32433
8000 36166
8100 41157
8200 34414
8300 38236
8400 41288
8500 35445
8600 43441
8700 41708
8800 48922
8900 49113
9000 40405
9100 40576
9200 37881
9300 36999
9400 44458
9500 40971
9600 53518
9700 37770
9800 44274
9900 45486
10000 41538
10100 42977
10200 43256
10300 42676
10400 49758
10500 70135
10600 47324
10700 56481
10800 49787
10900 52267
11000 50623
11100 53620
11200 46083
11300 47245
11400 50843
11500 56834
11600 53443
11700 58111
11800 51278
11900 53463
12000 50749
12100 54357
12200 61113
12300 62304
12400 54672
12500 64322
12600 69018
12700 54140
12800 53137
12900 53307
13000 54348
13100 67563
13200 59967
13300 64623
13400 57926
13500 60438
13600 55298
13700 64530
13800 58477
13900 59868
14000 71880
14100 60090
14200 63048
14300 69934
14400 78175
14500 67498
14600 74134
14700 62703
14800 68494
14900 59520
15000 63083
15100 76003
15200 58747
15300 62204
15400 77358
15500 62058
15600 69431
15700 60799
15800 78811
15900 75570
16000 69044
16100 78236
16200 76371
16300 73631
16400 63701
16500 61759
16600 78781
16700 68591
16800 77114
16900 70810
17000 80789
17100 78052
17200 83538
17300 76156
17400 78964
17500 84125
17600 77499
17700 113359
17800 81872
17900 84353
18000 112100
18100 90971
18200 73313
18300 86765
18400 69908
18500 78992
18600 89593
18700 72820
18800 79987
18900 79378
19000 84228
19100 87925
19200 101011
19300 123294
19400 87613
19500 106989
19600 105276
19700 94024
19800 81699
19900 85951
20000 84899
20100 79200
20200 92482
20300 87791
20400 87697
20500 83547
20600 92686
20700 121666
20800 89700
20900 93678
21000 82183
21100 95789
21200 87842
21300 101043
21400 108278
21500 98527
21600 100456
21700 101283
21800 93080
21900 124778
22000 98113
22100 93685
22200 98084
22300 103204
22400 104107
22500 110329
22600 87731
22700 100784
22800 98449
22900 110323
23000 109821
23100 123575
23200 99498
23300 104399
23400 102572
23500 111473
23600 94458
23700 97045
23800 114535
23900 112042
24000 110968
24100 98296
24200 109189
24300 100053
24400 130847
24500 145486
24600 95132
24700 97086
24800 100089
24900 109063
25000 118108
25100 103180
25200 121438
25300 104582
25400 113199
25500 102451
25600 103968
25700 128126
25800 109310
25900 165171
26000 126457
26100 116147
26200 123958
26300 98106
26400 108887
26500 127667
26600 136658
26700 138057
26800 124360
26900 125556
27000 111620
27100 132600
27200 135424
27300 117277
27400 126738
27500 131073
27600 126213
27700 110726
27800 116747
27900 131885
28000 110137
28100 109159
28200 116116
28300 100930
28400 163742
28500 129806
28600 148316
28700 126525
28800 118256
28900 121935
29000 147912
29100 117144
29200 123895
29300 121482
29400 121810
29500 123834
29600 135838
29700 140383
29800 130969
29900 129823
30000 119760
30100 147013
30200 133953
30300 131841
30400 118229
30500 191134
30600 125576
30700 160103
30800 139963
30900 132103
31000 149855
31100 138441
31200 141101
31300 157230
31400 132116
31500 156805
31600 133028
31700 141469
31800 140493
31900 150412
32000 140368
32100 143115
32200 139860
32300 123421
32400 146586
32500 149306
32600 156541
32700 136330
32800 129815
32900 146281
33000 184099
33100 151113
33200 136018
33300 156218
33400 169758
33500 180545
33600 142888
33700 181788
33800 146183
33900 149025
34000 133143
34100 156165
34200 161969
34300 173020
34400 172256
34500 149482
34600 138252
34700 140997
34800 153217
34900 136802
35000 139420
35100 152364
35200 142741
35300 194256
35400 148172
35500 149992
35600 170109
35700 147471
35800 134018
35900 168857
36000 157618
36100 155900
36200 158873
36300 165172
36400 175053
36500 195783
36600 152164
36700 159471
36800 157016
36900 152521
37000 186567
37100 161728
37200 163121
37300 173510
37400 203800
37500 170045
37600 160010
37700 185119
37800 184447
37900 174867
38000 179575
38100 192822
38200 164032
38300 175328
38400 204178
38500 182810
38600 154629
38700 171835
38800 168589
38900 167242
39000 174114
39100 152949
39200 164717
39300 204412
39400 158478
39500 181900
39600 167500
39700 177918
39800 166125
39900 189931
40000 168488
40100 160437
40200 171924
40300 182121
40400 174639
40500 210160
40600 165343
40700 177553
40800 160046
40900 189448
41000 215244
41100 172807
41200 165013
41300 201605
41400 207681
41500 200228
41600 215441
41700 163545
41800 183285
41900 190677
42000 177633
42100 182514
42200 202344
42300 169758
42400 206662
42500 189859
42600 207775
42700 210903
42800 225301
42900 169838
43000 182965
43100 185917
43200 177884
43300 230093
43400 190789
43500 257192
43600 212977
43700 174026
43800 179088
43900 235524
44000 174541
44100 203812
44200 259474
44300 189458
44400 191406
44500 194827
44600 175739
44700 195504
44800 205660
44900 185933
45000 193139
45100 194784
45200 190603
45300 203506
45400 198964
45500 237241
45600 199622
45700 246251
45800 226224
45900 218072
46000 192145
46100 245676
46200 186807
46300 203022
46400 214627
46500 222237
46600 221512
46700 195726
46800 226670
46900 198074
47000 194821
47100 203412
47200 215291
47300 209559
47400 204354
47500 259514
47600 236360
47700 228800
47800 202603
47900 200141
48000 208636
48100 203931
48200 184841
48300 221691
48400 222371
48500 225506
48600 191972
48700 222314
48800 216442
48900 187228
49000 238077
49100 196299
49200 223890
49300 256459
49400 206592
49500 229792
49600 248475
49700 278488
49800 214199
49900 215536
50000 237566
50100 211661
50200 200768
50300 197294
50400 252925
50500 216528
50600 218209
50700 211426
50800 244251
50900 213231
51000 247830
51100 249343
51200 211179
51300 246428
51400 243589
51500 192788
51600 211470
51700 236069
51800 233200
51900 235729
52000 208200
52100 223143
52200 221837
52300 239602
52400 219932
52500 231674
52600 243802
52700 229005
52800 259922
52900 270039
53000 219537
53100 223287
53200 257447
53300 262536
53400 250681
53500 250770
53600 247677
53700 269954
53800 281909
53900 236532
54000 229971
54100 265438
54200 237118
54300 229599
54400 247757
54500 247386
54600 296932
54700 222405
54800 268245
54900 237435
55000 234776
55100 235410
55200 235451
55300 259616
55400 224088
55500 222428
55600 253559
55700 242090
55800 271570
55900 243252
56000 240328
56100 286988
56200 261603
56300 247052
56400 210437
56500 234209
56600 253156
56700 254192
56800 265819
56900 223897
57000 208606
57100 245441
57200 258730
57300 254666
57400 225629
57500 267246
57600 248780
57700 272427
57800 257740
57900 274417
58000 258630
58100 250007
58200 237829
58300 241563
58400 270473
58500 224322
58600 256690
58700 258856
58800 250904
58900 276153
59000 258684
59100 274471
59200 290737
59300 228995
59400 286633
59500 275473
59600 260135
59700 257152
59800 275463
59900 268011
60000 315297
60100 259043
60200 227867
60300 244454
60400 251911
60500 259383
60600 226860
60700 289953
60800 260177
60900 260444
61000 247533
61100 238124
61200 309201
61300 244471
61400 260652
61500 317232
61600 335966
61700 253810
61800 311388
61900 260630
62000 252699
62100 237450
62200 245930
62300 268334
62400 226393
62500 276752
62600 243951
62700 315637
62800 333588
62900 269051
63000 272046
63100 270499
63200 269800
63300 258047
63400 326549
63500 298364
63600 289424
63700 301643
63800 248881
63900 315956
64000 295284
64100 259040
64200 323655
64300 265516
64400 276579
64500 292122
64600 257627
64700 276552
64800 312302
64900 363856
65000 289070
65100 270889
65200 230945
65300 286087
65400 352861
65500 278312
65600 275543
65700 295746
65800 325434
65900 305010
66000 331878
66100 272353
66200 264691
66300 286257
66400 277052
66500 267775
66600 294759
66700 291984
66800 245812
66900 306090
67000 270747
67100 294818
67200 291122
67300 273947
67400 267545
67500 273614
67600 304778
67700 237989
67800 303170
67900 319206
68000 272066
68100 276343
68200 262156
68300 254784
68400 241895
68500 257378
68600 281529
68700 292230
68800 298843
68900 346223
69000 309886
69100 302688
69200 379808
69300 295003
69400 300506
69500 273800
69600 282007
69700 285581
69800 355345
69900 279943
70000 391252
70100 370225
70200 313897
70300 327478
70400 265847
70500 338166
70600 309412
70700 304490
70800 312494
70900 272584
71000 339319
71100 344605
71200 285419
71300 272867
71400 309422
71500 313725
71600 335354
71700 305651
71800 276407
71900 333838
72000 314806
72100 294015
72200 291445
72300 331498
72400 382443
72500 285779
72600 310661
72700 285788
72800 374515
72900 406508
73000 292873
73100 326334
73200 282547
73300 311633
73400 286971
73500 293339
73600 323950
73700 300414
73800 305585
73900 336414
74000 304421
74100 292884
74200 413280
74300 341180
74400 300027
74500 299224
74600 305600
74700 307170
74800 289735
74900 323577
75000 353487
75100 328551
75200 336252
75300 268816
75400 316625
75500 306907
75600 398779
75700 393978
75800 286375
75900 293074
76000 373356
76100 313848
76200 363196
76300 311731
76400 275769
76500 325925
76600 343512
76700 340290
76800 352616
76900 300139
77000 278835
77100 312732
77200 366114
77300 319305
77400 272351
77500 316169
77600 333220
77700 289995
77800 353472
77900 318641
78000 351916
78100 313801
78200 279506
78300 322523
78400 294781
78500 319585
78600 441608
78700 308449
78800 311733
78900 386247
79000 326999
79100 352090
79200 348073
79300 371969
79400 366176
79500 368553
79600 338414
79700 340120
79800 344878
79900 301937
80000 311370
80100 281581
80200 481766
80300 344768
80400 403747
80500 498830
80600 324304
80700 361768
80800 362158
80900 344808
81000 341997
81100 329983
81200 340552
81300 346212
81400 325458
81500 366639
81600 331952
81700 370687
81800 400011
81900 347156
82000 395859
82100 395105
82200 339655
82300 309769
82400 496406
82500 352772
82600 323290
82700 364561
82800 373231
82900 356861
83000 311467
83100 337019
83200 339730
83300 303545
83400 351514
83500 406603
83600 397190
83700 339346
83800 317363
83900 409235
84000 320242
84100 327444
84200 366674
84300 345425
84400 349537
84500 352768
84600 352333
84700 405054
84800 383508
84900 341649
85000 347823
85100 356519
85200 369644
85300 418398
85400 368805
85500 326849
85600 344100
85700 343342
85800 370399
85900 386670
86000 352055
86100 325121
86200 419973
86300 355266
86400 366355
86500 304274
86600 378866
86700 331907
86800 409692
86900 413042
87000 364140
87100 334342
87200 431341
87300 315260
87400 407672
87500 364169
87600 297315
87700 478662
87800 328878
87900 362468
88000 418086
88100 405715
88200 368439
88300 355954
88400 385202
88500 329092
88600 381541
88700 378683
88800 333607
88900 376129
89000 335210
89100 392946
89200 346350
89300 382888
89400 375815
89500 363145
89600 362419
89700 329825
89800 337140
89900 386066
90000 372059
90100 391871
90200 338887
90300 351378
90400 327417
90500 328840
90600 364550
90700 377752
90800 361665
90900 366526
91000 377952
91100 394548
91200 336646
91300 438383
91400 450989
91500 387192
91600 369956
91700 445257
91800 356047
91900 424036
92000 355461
92100 426352
92200 400661
92300 355462
92400 367793
92500 357273
92600 396695
92700 405928
92800 360901
92900 482253
93000 421331
93100 428607
93200 342121
93300 375052
93400 350651
93500 348510
93600 335204
93700 413836
93800 389612
93900 368889
94000 394948
94100 361982
94200 388310
94300 425862
94400 367644
94500 318408
94600 457253
94700 387149
94800 360547
94900 464003
95000 420723
95100 393107
95200 386658
95300 421472
95400 395666
95500 345791
95600 382333
95700 392781
95800 412704
95900 398265
96000 397314
96100 339709
96200 497169
96300 381852
96400 375029
96500 361561
96600 391672
96700 417583
96800 386193
96900 423115
97000 541564
97100 328096
97200 395369
97300 382187
97400 391542
97500 399430
97600 451153
97700 376931
97800 378549
97900 392038
98000 425224
98100 417572
98200 390624
98300 461085
98400 470646
98500 393098
98600 427419
98700 394909
98800 378372
98900 395530
99000 390898
99100 371569
99200 364333
99300 379475
99400 511898
99500 406440
99600 514372
99700 372670
99800 451020
99900 497962
