100 14
200 22
300 28
400 45
500 60
600 18
700 28
800 45
900 94
1000 55
1100 83
1200 108
1300 41
1400 171
1500 219
1600 236
1700 167
1800 334
1900 149
2000 123
2100 136
2200 244
2300 84
2400 168
2500 121
2600 359
2700 362
2800 223
2900 502
3000 290
3100 269
3200 300
3300 252
3400 512
3500 412
3600 346
3700 279
3800 394
3900 339
4000 686
4100 150
4200 539
4300 429
4400 94
4500 598
4600 61
4700 367
4800 189
4900 313
5000 272
5100 382
5200 560
5300 857
5400 501
5500 526
5600 103
5700 320
5800 537
5900 366
6000 375
6100 302
6200 280
6300 29
6400 1110
6500 164
6600 756
6700 798
6800 489
6900 1051
7000 1292
7100 787
7200 202
7300 577
7400 800
7500 667
7600 1076
7700 329
7800 868
7900 1024
8000 557
8100 859
8200 1407
8300 1350
8400 290
8500 398
8600 1322
8700 809
8800 1614
8900 498
9000 1502
9100 456
9200 1354
9300 980
9400 899
9500 754
9600 617
9700 786
9800 790
9900 1280
10000 236
10100 592
10200 601
10300 1164
10400 348
10500 742
10600 834
10700 572
10800 449
10900 265
11000 603
11100 1209
11200 1168
11300 1338
11400 176
11500 777
11600 1806
11700 675
11800 979
11900 1799
12000 506
12100 490
12200 1123
12300 678
12400 901
12500 658
12600 1790
12700 566
12800 1314
12900 751
13000 721
13100 430
13200 792
13300 2022
13400 743
13500 1472
13600 790
13700 1199
13800 1655
13900 554
14000 1566
14100 571
14200 452
14300 780
14400 544
14500 315
14600 445
14700 799
14800 1107
14900 409
15000 1267
15100 866
15200 1301
15300 411
15400 1219
15500 1187
15600 940
15700 527
15800 1248
15900 584
16000 553
16100 1752
16200 819
16300 1594
16400 1617
16500 2549
16600 922
16700 1258
16800 1092
16900 2539
17000 2282
17100 790
17200 1120
17300 954
17400 948
17500 1780
17600 2508
17700 817
17800 2086
17900 2133
18000 965
18100 2140
18200 1201
18300 1669
18400 2058
18500 1692
18600 1313
18700 1403
18800 952
18900 1148
19000 658
19100 1820
19200 2619
19300 531
19400 741
19500 679
19600 1217
19700 2362
19800 1359
19900 1905
20000 450
20100 981
20200 2116
20300 1207
20400 1647
20500 2293
20600 793
20700 1813
20800 1073
20900 2008
21000 2703
21100 1584
21200 1291
21300 1062
21400 864
21500 1441
21600 1645
21700 2065
21800 2764
21900 2261
22000 1542
22100 922
22200 613
22300 1790
22400 2731
22500 3320
22600 1722
22700 859
22800 1963
22900 941
23000 1026
23100 2167
23200 2376
23300 1338
23400 406
23500 2846
23600 891
23700 4339
23800 2053
23900 2635
24000 1790
24100 2534
24200 979
24300 843
24400 1552
24500 1937
24600 1819
24700 1474
24800 2650
24900 1224
25000 1381
25100 1483
25200 419
25300 2672
25400 1428
25500 276
25600 2416
25700 244
25800 2158
25900 2016
26000 2733
26100 2545
26200 2348
26300 1812
26400 3706
26500 3236
26600 1861
26700 1431
26800 2977
26900 1979
27000 1223
27100 896
27200 890
27300 2959
27400 3924
27500 5026
27600 2414
27700 3023
27800 1967
27900 290
28000 1824
28100 2460
28200 1134
28300 1574
28400 1103
28500 4279
28600 1972
28700 1126
28800 2614
28900 2174
29000 1105
29100 358
29200 879
29300 1915
29400 1866
29500 1362
29600 1433
29700 2067
29800 1188
29900 1467
30000 5316
30100 1566
30200 619
30300 2297
30400 3019
30500 1989
30600 3875
30700 1507
30800 2186
30900 1812
31000 2651
31100 654
31200 1135
31300 943
31400 1423
31500 1143
31600 1488
31700 2952
31800 238
31900 2130
32000 1646
32100 3110
32200 2703
32300 6738
32400 1132
32500 1608
32600 1778
32700 6901
32800 4570
32900 868
33000 949
33100 2918
33200 1760
33300 1797
33400 2906
33500 4076
33600 4111
33700 1117
33800 4403
33900 3584
34000 983
34100 1634
34200 1405
34300 2676
34400 3372
34500 3002
34600 6091
34700 2549
34800 3409
34900 2746
35000 5418
35100 1598
35200 2406
35300 1395
35400 4215
35500 1920
35600 3357
35700 2472
35800 2831
35900 724
36000 6240
36100 1677
36200 748
36300 1376
36400 3605
36500 1549
36600 1631
36700 4472
36800 2741
36900 6432
37000 2843
37100 3994
37200 4693
37300 3982
37400 3736
37500 3598
37600 3240
37700 5873
37800 2258
37900 1582
38000 909
38100 936
38200 3117
38300 1981
38400 2772
38500 2933
38600 2762
38700 4721
38800 319
38900 3338
39000 1462
39100 4533
39200 1616
39300 2206
39400 5677
39500 1711
39600 1156
39700 2619
39800 5541
39900 2021
40000 3426
40100 6499
40200 2737
40300 5036
40400 4944
40500 2625
40600 6825
40700 1482
40800 876
40900 3868
41000 3146
41100 2843
41200 2014
41300 3897
41400 3400
41500 817
41600 4152
41700 3569
41800 4693
41900 3640
42000 3069
42100 4191
42200 6679
42300 4012
42400 3248
42500 2543
42600 2504
42700 1030
42800 2296
42900 1427
43000 388
43100 3561
43200 3461
43300 757
43400 2963
43500 3086
43600 2786
43700 1769
43800 2046
43900 3299
44000 3637
44100 2768
44200 1414
44300 4075
44400 4935
44500 1635
44600 5840
44700 6781
44800 5642
44900 6075
45000 2091
45100 3123
45200 2591
45300 5666
45400 3828
45500 1703
45600 3666
45700 7006
45800 6938
45900 2323
46000 5007
46100 5531
46200 2012
46300 5888
46400 2956
46500 6679
46600 1558
46700 5352
46800 5268
46900 1377
47000 2771
47100 2219
47200 2757
47300 7662
47400 2205
47500 3869
47600 5179
47700 3691
47800 4128
47900 2567
48000 3184
48100 2705
48200 3595
48300 3648
48400 3341
48500 883
48600 4349
48700 2980
48800 4050
48900 3033
49000 4106
49100 1063
49200 925
49300 4176
49400 2999
49500 1737
49600 2964
49700 5688
49800 2561
49900 6114
50000 4911
50100 4996
50200 8080
50300 7806
50400 2840
50500 6091
50600 1176
50700 3662
50800 3466
50900 4558
51000 3601
51100 5585
51200 3655
51300 2288
51400 1458
51500 3889
51600 2919
51700 2657
51800 1567
51900 2450
52000 2386
52100 5101
52200 3388
52300 3310
52400 2279
52500 5296
52600 2941
52700 1489
52800 9359
52900 7046
53000 6049
53100 4517
53200 2313
53300 5732
53400 5590
53500 5245
53600 2102
53700 3276
53800 4174
53900 2626
54000 4852
54100 7680
54200 3352
54300 961
54400 3193
54500 2665
54600 1374
54700 3830
54800 3018
54900 3023
55000 2664
55100 3650
55200 2513
55300 5385
55400 789
55500 1831
55600 4444
55700 938
55800 3036
55900 8254
56000 5072
56100 4321
56200 9484
56300 4715
56400 2321
56500 5841
56600 7020
56700 3351
56800 5423
56900 5332
57000 3591
57100 3176
57200 3122
57300 6329
57400 3540
57500 4313
57600 1927
57700 1585
57800 4091
57900 242
58000 5033
58100 5062
58200 1773
58300 3047
58400 2378
58500 6367
58600 756
58700 3741
58800 5746
58900 2018
59000 4511
59100 7483
59200 3832
59300 7085
59400 5411
59500 1949
59600 3846
59700 6013
59800 5036
59900 5217
60000 6104
60100 5458
60200 2573
60300 2573
60400 2075
60500 6905
60600 7442
60700 5718
60800 4146
60900 1976
61000 2620
61100 7423
61200 2944
61300 4549
61400 4197
61500 5812
61600 2697
61700 3412
61800 3940
61900 2086
62000 6782
62100 2021
62200 2628
62300 5359
62400 2270
62500 4074
62600 3482
62700 1102
62800 8727
62900 6033
63000 4417
63100 1842
63200 2477
63300 2996
63400 6974
63500 6727
63600 7138
63700 1866
63800 5370
63900 6550
64000 5656
64100 3068
64200 2506
64300 4961
64400 3273
64500 1986
64600 7099
64700 1840
64800 1837
64900 6415
65000 8589
65100 832
65200 6097
65300 3751
65400 3309
65500 5803
65600 2685
65700 468
65800 5429
65900 4523
66000 9374
66100 2667
66200 4436
66300 1769
66400 1857
66500 6321
66600 5929
66700 2791
66800 5640
66900 3634
67000 5048
67100 4189
67200 5388
67300 5149
67400 2458
67500 4635
67600 1818
67700 2443
67800 4945
67900 9534
68000 8299
68100 7885
68200 624
68300 6467
68400 3325
68500 3712
68600 2157
68700 5541
68800 1385
68900 4828
69000 6180
69100 2041
69200 5380
69300 3097
69400 2542
69500 8475
69600 3213
69700 4825
69800 4325
69900 4496
70000 1498
70100 7088
70200 5580
70300 2689
70400 8296
70500 3897
70600 4215
70700 5835
70800 4937
70900 3674
71000 2158
71100 1321
71200 6911
71300 7719
71400 6596
71500 5654
71600 3570
71700 3821
71800 7004
71900 704
72000 2352
72100 1410
72200 3863
72300 5805
72400 5918
72500 2144
72600 2117
72700 5295
72800 7071
72900 2340
73000 2717
73100 848
73200 3725
73300 5427
73400 570
73500 3628
73600 795
73700 2738
73800 3928
73900 3782
74000 4326
74100 3928
74200 7959
74300 1822
74400 5932
74500 3872
74600 9244
74700 5709
74800 5044
74900 4901
75000 3280
75100 3401
75200 2135
75300 4352
75400 3185
75500 4285
75600 1996
75700 3033
75800 8215
75900 4500
76000 2256
76100 4531
76200 457
76300 3019
76400 4049
76500 8001
76600 5613
76700 3759
76800 4823
76900 1915
77000 8630
77100 10751
77200 2345
77300 2975
77400 6158
77500 2594
77600 8916
77700 3696
77800 2356
77900 7797
78000 2990
78100 4699
78200 2028
78300 4993
78400 1572
78500 2961
78600 6941
78700 3028
78800 3526
78900 3975
79000 6310
79100 5305
79200 2959
79300 6970
79400 3574
79500 7360
79600 2924
79700 4245
79800 4387
79900 2756
80000 3932
80100 5752
80200 504
80300 3717
80400 11860
80500 379
80600 4703
80700 6647
80800 6773
80900 1657
81000 4636
81100 3524
81200 1599
81300 6282
81400 5037
81500 7057
81600 6020
81700 1750
81800 2427
81900 5167
82000 7164
82100 5013
82200 3698
82300 2869
82400 6279
82500 2420
82600 1640
82700 2331
82800 1941
82900 2059
83000 6125
83100 4702
83200 6266
83300 6918
83400 7012
83500 8486
83600 5106
83700 1117
83800 3491
83900 5257
84000 6763
84100 5712
84200 6920
84300 6716
84400 10951
84500 5093
84600 2682
84700 1459
84800 3730
84900 5863
85000 6094
85100 5796
85200 5208
85300 10832
85400 7965
85500 4421
85600 5601
85700 2767
85800 5040
85900 5451
86000 9369
86100 6862
86200 3015
86300 6854
86400 2673
86500 4960
86600 706
86700 3298
86800 1613
86900 2695
87000 11508
87100 1139
87200 2177
87300 3930
87400 7002
87500 3126
87600 2719
87700 1743
87800 3825
87900 2582
88000 4918
88100 4421
88200 10473
88300 3424
88400 2292
88500 3351
88600 6814
88700 1986
88800 7742
88900 8214
89000 10280
89100 6477
89200 3463
89300 4682
89400 7958
89500 6242
89600 3534
89700 9818
89800 7120
89900 4020
90000 3993
90100 3525
90200 3544
90300 2384
90400 5785
90500 7207
90600 8362
90700 1004
90800 4592
90900 5465
91000 805
91100 1829
91200 2001
91300 4355
91400 4861
91500 4304
91600 5189
91700 7291
91800 11212
91900 6385
92000 4134
92100 1602
92200 4372
92300 4889
92400 6804
92500 7275
92600 3680
92700 2439
92800 1071
92900 3922
93000 9027
93100 2066
93200 3841
93300 3374
93400 2722
93500 8140
93600 6612
93700 1864
93800 3917
93900 2855
94000 8077
94100 2888
94200 6843
94300 9150
94400 3157
94500 5315
94600 8088
94700 2443
94800 6449
94900 5025
95000 5165
95100 4277
95200 3994
95300 4190
95400 5144
95500 8230
95600 4362
95700 4404
95800 2280
95900 5646
96000 7689
96100 7858
96200 9430
96300 2622
96400 5031
96500 503
96600 7735
96700 8007
96800 8438
96900 5037
97000 3592
97100 9718
97200 2600
97300 9402
97400 3281
97500 3966
97600 4518
97700 9805
97800 3361
97900 4236
98000 5341
98100 4474
98200 9453
98300 9986
98400 3430
98500 6667
98600 2053
98700 6631
98800 3079
98900 1960
99000 5232
99100 9332
99200 7899
99300 6003
99400 4946
99500 3886
99600 8917
99700 6315
99800 9666
99900 4538
