100 149
200 300
300 453
400 600
500 738
600 913
700 1064
800 1181
900 1392
1000 1484
1100 1650
1200 1815
1300 1949
1400 2054
1500 2246
1600 2369
1700 2579
1800 2654
1900 2847
2000 2848
2100 3218
2200 3393
2300 3403
2400 3682
2500 3703
2600 3876
2700 4133
2800 4277
2900 4327
3000 4476
3100 4669
3200 4768
3300 4993
3400 4942
3500 5163
3600 5409
3700 5602
3800 5623
3900 5663
4000 5978
4100 6213
4200 6272
4300 6477
4400 6507
4500 6779
4600 6941
4700 7002
4800 7214
4900 7323
5000 7479
5100 7685
5200 7568
5300 7823
5400 8042
5500 8336
5600 8744
5700 8494
5800 8615
5900 8910
6000 9045
6100 8988
6200 9351
6300 9230
6400 9576
6500 9918
6600 9761
6700 10026
6800 10152
6900 10335
7000 10422
7100 10633
7200 10505
7300 11175
7400 11085
7500 11030
7600 11192
7700 11397
7800 11808
7900 11466
8000 11551
8100 11891
8200 12324
8300 12321
8400 12451
8500 12507
8600 13300
8700 13217
8800 13156
8900 13601
9000 13519
9100 13486
9200 13804
9300 13984
9400 14004
9500 14297
9600 14344
9700 14252
9800 14395
9900 14866
10000 14270
10100 14636
10200 14954
10300 15163
10400 15147
10500 15404
10600 15889
10700 15609
10800 16017
10900 16769
11000 16299
11100 17088
11200 17021
11300 16927
11400 17107
11500 17592
11600 17390
11700 17931
11800 17577
11900 17697
12000 18058
12100 18111
12200 18593
12300 18453
12400 18363
12500 18536
12600 18638
12700 18880
12800 19042
12900 18969
13000 19601
13100 19803
13200 19653
13300 19941
13400 19689
13500 20213
13600 19824
13700 20268
13800 20120
13900 20518
14000 20579
14100 20648
14200 20925
14300 21213
14400 21048
14500 21087
14600 21688
14700 21019
14800 22265
14900 21954
15000 21515
15100 22055
15200 22315
15300 22391
15400 23029
15500 22768
15600 22443
15700 23192
15800 22955
15900 23521
16000 24148
16100 23705
16200 24145
16300 24253
16400 25104
16500 24561
16600 25509
16700 24976
16800 25122
16900 25687
17000 25373
17100 25950
17200 26084
17300 26017
17400 26151
17500 26565
17600 26622
17700 26485
17800 26930
17900 27442
18000 27002
18100 27370
18200 27485
18300 28033
18400 27293
18500 27571
18600 28607
18700 28673
18800 28280
18900 28039
19000 28646
19100 29743
19200 28219
19300 29063
19400 29618
19500 29758
19600 29861
19700 29676
19800 29648
19900 30227
20000 29991
20100 30570
20200 29745
20300 30557
20400 31207
20500 30899
20600 30837
20700 30957
20800 30762
20900 31735
21000 32438
21100 31910
21200 30914
21300 31321
21400 31759
21500 31227
21600 31379
21700 32334
21800 32535
21900 33334
22000 32489
22100 32675
22200 32994
22300 33106
22400 33311
22500 32573
22600 33270
22700 32931
22800 34086
22900 33965
23000 33449
23100 33733
23200 35071
23300 34331
23400 34214
23500 34043
23600 34045
23700 33559
23800 34562
23900 35160
24000 34996
24100 35505
24200 35504
24300 35809
24400 35054
24500 35048
24600 35675
24700 36102
24800 36185
24900 35818
25000 35531
25100 36794
25200 37198
25300 36496
25400 36765
25500 36954
25600 36570
25700 36773
25800 36884
25900 37403
26000 37900
26100 37845
26200 37962
26300 37662
26400 38627
26500 37508
26600 38383
26700 37718
26800 37836
26900 38383
27000 37984
27100 38368
27200 39696
27300 39721
27400 39652
27500 39351
27600 39501
27700 40177
27800 38346
27900 40009
28000 39015
28100 40419
28200 40662
28300 40694
28400 40146
28500 40941
28600 40864
28700 41985
28800 41894
28900 41382
29000 41540
29100 43126
29200 42393
29300 42621
29400 41473
29500 41734
29600 41424
29700 42937
29800 42633
29900 42277
30000 42769
30100 42621
30200 44575
30300 44153
30400 44686
30500 45051
30600 45547
30700 44806
30800 45265
30900 44991
31000 45360
31100 44894
31200 45480
31300 44642
31400 46511
31500 46360
31600 46200
31700 46877
31800 46638
31900 46879
32000 48074
32100 46982
32200 47872
32300 48281
32400 48494
32500 48971
32600 47139
32700 48414
32800 49013
32900 47734
33000 48354
33100 49045
33200 48854
33300 50571
33400 48645
33500 50803
33600 50103
33700 50881
33800 51240
33900 50555
34000 50375
34100 50482
34200 51699
34300 51664
34400 52385
34500 50752
34600 50736
34700 52745
34800 54522
34900 51537
35000 52615
35100 53683
35200 53786
35300 53470
35400 54041
35500 54573
35600 53345
35700 53318
35800 53931
35900 52817
36000 53874
36100 54006
36200 54504
36300 54508
36400 56754
36500 55927
36600 54917
36700 55529
36800 57027
36900 56079
37000 55543
37100 56293
37200 56658
37300 56491
37400 57386
37500 56815
37600 56681
37700 57364
37800 57618
37900 58831
38000 58058
38100 58565
38200 58211
38300 57388
38400 58462
38500 58885
38600 57878
38700 59907
38800 58863
38900 59115
39000 58331
39100 60615
39200 59180
39300 60407
39400 58726
39500 59891
39600 60833
39700 60817
39800 59079
39900 60778
40000 60683
40100 60804
40200 61585
40300 60100
40400 60772
40500 62320
40600 61349
40700 61986
40800 61664
40900 62097
41000 61538
41100 60446
41200 62966
41300 62811
41400 63952
41500 64539
41600 63910
41700 61770
41800 63362
41900 62982
42000 64544
42100 64110
42200 63908
42300 65879
42400 64415
42500 64844
42600 64068
42700 65653
42800 64123
42900 65030
43000 66618
43100 66260
43200 64459
43300 66771
43400 65978
43500 67180
43600 68615
43700 64605
43800 67477
43900 67278
44000 67188
44100 66684
44200 65370
44300 68136
44400 67120
44500 67654
44600 66698
44700 66666
44800 66805
44900 68458
45000 68302
45100 68528
45200 69962
45300 70223
45400 67600
45500 69303
45600 68840
45700 70828
45800 69764
45900 70059
46000 67786
46100 68575
46200 69142
46300 70179
46400 69447
46500 70935
46600 70443
46700 70056
46800 70876
46900 70839
47000 70017
47100 72564
47200 72192
47300 70820
47400 70109
47500 71934
47600 71942
47700 72485
47800 71745
47900 73693
48000 71446
48100 72926
48200 71083
48300 71762
48400 73451
48500 73146
48600 70807
48700 73700
48800 71300
48900 75330
49000 74779
49100 72847
49200 74278
49300 74163
49400 73596
49500 74632
49600 73349
49700 77166
49800 73627
49900 74084
50000 76254
50100 73769
50200 76961
50300 74347
50400 77932
50500 76170
50600 77968
50700 74838
50800 74866
50900 77261
51000 76100
51100 77260
51200 76394
51300 77402
51400 76527
51500 76795
51600 78244
51700 78035
51800 78670
51900 76652
52000 77666
52100 76785
52200 77227
52300 77026
52400 78111
52500 78389
52600 79161
52700 78108
52800 81807
52900 79524
53000 80181
53100 78974
53200 76686
53300 80695
53400 81535
53500 80343
53600 79287
53700 80270
53800 79608
53900 79697
54000 79671
54100 81219
54200 80173
54300 82077
54400 81545
54500 78848
54600 82054
54700 81181
54800 81256
54900 82776
55000 79351
55100 82686
55200 81072
55300 81632
55400 83351
55500 81376
55600 80891
55700 83569
55800 81494
55900 81976
56000 83232
56100 84575
56200 82584
56300 83276
56400 81086
56500 83191
56600 83660
56700 83446
56800 81999
56900 83695
57000 85098
57100 82570
57200 82047
57300 86043
57400 83259
57500 86044
57600 83284
57700 84607
57800 84419
57900 84044
58000 85331
58100 86361
58200 87180
58300 87872
58400 85640
58500 86015
58600 86369
58700 85407
58800 84598
58900 85919
59000 85842
59100 85020
59200 88219
59300 88393
59400 84647
59500 85856
59600 87030
59700 86671
59800 87080
59900 86123
60000 88411
60100 86546
60200 85148
60300 86434
60400 87828
60500 90431
60600 88025
60700 89158
60800 86740
60900 88764
61000 90555
61100 88161
61200 90403
61300 90379
61400 91073
61500 89923
61600 88428
61700 88208
61800 90630
61900 91191
62000 89487
62100 89661
62200 88546
62300 88342
62400 88518
62500 88730
62600 90985
62700 92132
62800 92837
62900 91674
63000 90957
63100 93092
63200 92646
63300 88288
63400 91048
63500 92706
63600 92915
63700 92441
63800 92702
63900 91770
64000 91983
64100 90832
64200 91569
64300 96369
64400 93662
64500 93854
64600 91633
64700 92302
64800 93096
64900 94563
65000 95383
65100 93428
65200 93086
65300 96006
65400 93237
65500 95297
65600 91851
65700 92651
65800 91795
65900 95335
66000 93198
66100 98772
66200 92018
66300 93680
66400 96040
66500 96135
66600 96012
66700 97565
66800 93030
66900 97949
67000 94686
67100 98482
67200 97562
67300 95515
67400 95735
67500 96009
67600 95771
67700 96057
67800 94603
67900 95781
68000 97350
68100 95622
68200 93922
68300 96455
68400 98811
68500 97397
68600 99181
68700 100743
68800 97933
68900 100864
69000 99150
69100 101197
69200 97734
69300 98692
69400 99539
69500 98653
69600 99328
69700 98726
69800 98582
69900 100494
70000 101173
70100 97195
70200 97766
70300 98485
70400 99762
70500 98877
70600 100728
70700 102380
70800 99753
70900 100405
71000 99474
71100 99783
71200 98424
71300 102420
71400 101975
71500 101489
71600 101729
71700 101560
71800 103198
71900 102114
72000 101177
72100 101827
72200 102714
72300 100137
72400 105832
72500 101007
72600 105076
72700 101541
72800 103354
72900 102385
73000 102862
73100 101046
73200 101394
73300 105178
73400 103841
73500 104916
73600 105243
73700 103716
73800 105786
73900 104478
74000 103767
74100 105914
74200 105944
74300 105239
74400 105739
74500 102263
74600 106200
74700 103899
74800 103143
74900 104074
75000 105834
75100 102044
75200 108635
75300 106893
75400 105848
75500 107469
75600 109038
75700 104973
75800 106674
75900 107589
76000 105075
76100 105653
76200 105377
76300 106754
76400 105897
76500 106327
76600 108339
76700 106581
76800 108343
76900 106280
77000 106154
77100 108460
77200 103961
77300 108186
77400 108002
77500 107578
77600 109583
77700 111274
77800 105930
77900 107535
78000 109724
78100 107911
78200 107797
78300 109440
78400 107536
78500 109239
78600 105767
78700 108091
78800 110153
78900 109934
79000 107654
79100 110335
79200 109799
79300 110705
79400 111057
79500 110090
79600 108239
79700 109879
79800 112755
79900 105894
80000 110811
80100 113292
80200 112249
80300 111376
80400 113447
80500 112116
80600 110360
80700 110930
80800 110109
80900 113315
81000 109802
81100 114247
81200 113343
81300 109543
81400 113474
81500 113354
81600 111796
81700 113585
81800 114893
81900 115290
82000 113858
82100 113756
82200 111857
82300 113451
82400 114459
82500 113895
82600 112329
82700 113473
82800 116091
82900 115172
83000 116449
83100 112832
83200 114652
83300 117618
83400 114833
83500 116054
83600 112690
83700 117304
83800 112230
83900 116255
84000 114306
84100 114997
84200 117622
84300 115328
84400 118359
84500 114797
84600 113941
84700 115920
84800 116385
84900 117482
85000 115789
85100 117512
85200 116449
85300 115739
85400 117094
85500 114735
85600 119107
85700 118731
85800 117561
85900 114530
86000 118323
86100 114740
86200 120729
86300 115585
86400 115826
86500 120165
86600 116712
86700 122790
86800 121167
86900 119394
87000 117887
87100 117629
87200 120201
87300 118980
87400 122671
87500 120542
87600 118869
87700 116759
87800 120172
87900 120667
88000 118107
88100 117913
88200 116382
88300 115568
88400 117308
88500 120086
88600 119907
88700 115800
88800 120255
88900 120051
89000 123385
89100 120280
89200 121635
89300 120904
89400 119825
89500 118919
89600 120693
89700 118592
89800 121992
89900 123759
90000 121208
90100 120978
90200 118973
90300 121260
90400 123762
90500 122366
90600 122399
90700 121588
90800 126068
90900 122698
91000 123897
91100 122078
91200 121164
91300 121140
91400 124095
91500 122493
91600 126223
91700 122751
91800 123591
91900 122218
92000 124943
92100 124968
92200 124616
92300 124730
92400 121433
92500 124471
92600 124283
92700 127079
92800 124063
92900 126246
93000 126270
93100 125993
93200 123557
93300 123949
93400 123923
93500 123041
93600 124232
93700 123719
93800 126878
93900 126177
94000 126250
94100 123320
94200 128688
94300 126901
94400 127307
94500 125638
94600 127422
94700 123452
94800 127786
94900 122636
95000 129292
95100 124347
95200 125237
95300 123621
95400 125568
95500 127760
95600 130018
95700 125589
95800 126678
95900 128393
96000 131773
96100 125904
96200 125018
96300 127848
96400 127783
96500 128724
96600 129947
96700 127961
96800 126800
96900 127836
97000 129408
97100 125383
97200 134647
97300 129244
97400 126756
97500 125748
97600 131803
97700 129861
97800 131111
97900 129782
98000 126727
98100 133230
98200 126637
98300 131433
98400 130315
98500 130560
98600 129470
98700 129627
98800 131742
98900 131159
99000 131924
99100 132384
99200 133465
99300 134784
99400 127694
99500 128300
99600 134006
99700 136066
99800 130763
99900 131060
