100 153
200 302
300 463
400 605
500 768
600 891
700 1061
800 1223
900 1360
1000 1509
1100 1695
1200 1780
1300 1985
1400 2129
1500 2266
1600 2351
1700 2552
1800 2754
1900 2808
2000 3015
2100 3151
2200 3356
2300 3420
2400 3673
2500 3756
2600 3878
2700 4045
2800 4164
2900 4359
3000 4487
3100 4701
3200 4752
3300 4996
3400 5121
3500 5140
3600 5478
3700 5558
3800 5815
3900 5840
4000 6061
4100 6084
4200 6272
4300 6516
4400 6611
4500 6697
4600 7041
4700 6976
4800 7107
4900 7370
5000 7510
5100 7448
5200 7721
5300 8028
5400 8176
5500 8361
5600 8362
5700 8549
5800 8819
5900 8953
6000 9144
6100 9263
6200 9289
6300 9447
6400 9588
6500 9892
6600 9995
6700 10033
6800 10153
6900 10386
7000 10408
7100 10713
7200 10547
7300 10802
7400 11087
7500 11257
7600 11407
7700 11343
7800 11667
7900 11795
8000 12025
8100 11980
8200 12404
8300 12416
8400 12459
8500 13107
8600 13018
8700 13112
8800 13193
8900 13317
9000 13305
9100 13807
9200 13855
9300 13679
9400 14008
9500 14075
9600 14497
9700 14448
9800 14636
9900 14891
10000 14902
10100 14580
10200 15030
10300 15455
10400 15755
10500 16063
10600 15899
10700 15915
10800 16253
10900 16237
11000 16424
11100 16520
11200 16919
11300 17154
11400 16991
11500 17382
11600 17689
11700 17839
11800 17650
11900 18052
12000 17981
12100 18231
12200 18470
12300 18655
12400 18595
12500 18791
12600 18792
12700 18836
12800 19376
12900 19163
13000 19441
13100 19732
13200 19667
13300 20394
13400 20178
13500 20095
13600 20328
13700 20601
13800 20277
13900 20550
14000 20946
14100 20949
14200 21439
14300 21350
14400 21584
14500 21245
14600 21464
14700 22171
14800 21731
14900 22488
15000 22590
15100 22606
15200 22485
15300 22903
15400 22874
15500 23645
15600 23253
15700 22946
15800 23402
15900 23340
16000 23680
16100 24235
16200 24467
16300 24582
16400 24497
16500 24368
16600 24862
16700 25033
16800 25614
16900 26054
17000 25084
17100 25733
17200 26495
17300 25821
17400 26644
17500 26631
17600 26971
17700 27331
17800 26663
17900 26961
18000 27403
18100 26902
18200 27528
18300 28097
18400 28238
18500 27600
18600 28310
18700 28434
18800 28513
18900 28549
19000 28449
19100 28434
19200 29643
19300 29808
19400 29547
19500 29170
19600 29872
19700 29564
19800 29482
19900 30011
20000 31047
20100 31085
20200 30184
20300 30801
20400 29733
20500 30864
20600 30247
20700 31046
20800 31580
20900 32020
21000 31768
21100 32233
21200 32045
21300 31640
21400 32458
21500 32817
21600 32219
21700 31842
21800 33679
21900 32232
22000 33422
22100 33127
22200 32770
22300 33165
22400 34151
22500 33855
22600 33979
22700 34057
22800 33949
22900 34190
23000 34164
23100 33776
23200 34520
23300 35266
23400 34231
23500 34502
23600 35014
23700 35887
23800 35947
23900 35896
24000 35350
24100 35026
24200 36188
24300 35776
24400 36430
24500 36515
24600 36296
24700 36015
24800 36202
24900 36792
25000 36379
25100 37607
25200 36276
25300 37024
25400 37537
25500 37481
25600 37302
25700 38148
25800 37290
25900 38516
26000 38552
26100 38353
26200 38828
26300 38412
26400 38960
26500 40787
26600 38431
26700 38832
26800 38917
26900 39504
27000 39122
27100 39694
27200 40316
27300 40432
27400 41245
27500 40127
27600 40073
27700 40254
27800 40894
27900 41186
28000 42104
28100 41277
28200 41242
28300 41496
28400 42122
28500 42204
28600 42548
28700 42174
28800 42543
28900 42156
29000 43396
29100 41909
29200 43332
29300 42713
29400 43793
29500 42725
29600 44034
29700 43810
29800 43724
29900 44890
30000 44187
30100 43775
30200 44659
30300 43781
30400 44194
30500 45478
30600 45049
30700 46908
30800 45496
30900 45466
31000 46973
31100 47498
31200 45133
31300 45928
31400 46721
31500 46948
31600 46389
31700 47384
31800 46247
31900 48238
32000 47336
32100 47329
32200 47331
32300 49854
32400 47727
32500 48201
32600 49203
32700 49796
32800 49190
32900 49722
33000 48855
33100 50268
33200 50371
33300 49178
33400 50344
33500 50926
33600 50555
33700 51336
33800 50886
33900 51589
34000 51662
34100 52082
34200 51317
34300 52559
34400 52076
34500 52557
34600 52991
34700 52437
34800 53013
34900 52988
35000 54247
35100 53583
35200 53980
35300 53937
35400 53644
35500 52640
35600 54333
35700 55611
35800 54622
35900 55234
36000 56894
36100 55280
36200 56037
36300 56568
36400 54564
36500 57129
36600 56219
36700 56718
36800 56102
36900 56480
37000 56202
37100 56881
37200 57537
37300 57116
37400 58766
37500 57108
37600 58574
37700 58962
37800 58986
37900 58773
38000 56795
38100 59810
38200 59023
38300 57479
38400 59324
38500 59370
38600 60405
38700 59590
38800 61754
38900 61135
39000 58460
39100 61010
39200 62472
39300 60398
39400 61393
39500 61575
39600 60880
39700 60376
39800 61688
39900 62613
40000 62773
40100 62898
40200 64378
40300 61764
40400 63441
40500 61125
40600 63757
40700 63698
40800 64387
40900 62698
41000 63048
41100 63902
41200 63133
41300 64926
41400 64201
41500 66402
41600 63387
41700 63743
41800 66175
41900 64211
42000 65894
42100 65457
42200 66224
42300 65980
42400 65758
42500 65306
42600 66419
42700 64952
42800 65486
42900 66002
43000 66610
43100 67860
43200 67706
43300 67561
43400 68291
43500 68750
43600 67406
43700 66788
43800 66896
43900 68798
44000 67726
44100 68730
44200 67843
44300 68525
44400 68756
44500 69635
44600 70371
44700 69769
44800 67625
44900 68949
45000 69170
45100 71673
45200 69107
45300 70998
45400 71465
45500 70405
45600 69847
45700 71264
45800 71030
45900 72436
46000 73317
46100 70474
46200 70948
46300 70665
46400 73494
46500 71361
46600 72517
46700 72982
46800 73995
46900 70296
47000 73275
47100 71926
47200 74245
47300 73000
47400 73659
47500 72109
47600 72783
47700 74748
47800 75123
47900 72243
48000 73956
48100 75708
48200 74450
48300 75245
48400 75272
48500 74579
48600 77318
48700 74634
48800 72991
48900 75811
49000 75324
49100 77202
49200 75733
49300 77681
49400 74865
49500 79559
49600 77219
49700 76082
49800 76781
49900 77218
50000 77403
50100 77413
50200 78536
50300 78977
50400 77219
50500 76652
50600 78473
50700 76246
50800 76462
50900 77075
51000 79209
51100 78935
51200 77913
51300 79779
51400 79617
51500 77956
51600 79092
51700 78902
51800 79556
51900 77737
52000 79744
52100 78114
52200 80715
52300 79254
52400 81822
52500 79745
52600 81328
52700 81213
52800 81380
52900 81456
53000 82394
53100 80474
53200 81962
53300 80215
53400 80840
53500 82302
53600 83418
53700 82068
53800 82413
53900 82594
54000 85317
54100 83748
54200 81604
54300 82424
54400 83318
54500 83022
54600 83647
54700 81335
54800 81281
54900 82398
55000 83135
55100 83393
55200 83560
55300 84841
55400 83815
55500 84729
55600 83352
55700 82681
55800 83710
55900 84220
56000 86820
56100 84955
56200 84342
56300 85282
56400 88479
56500 87091
56600 87682
56700 86397
56800 87872
56900 84887
57000 87684
57100 86418
57200 85422
57300 86492
57400 89081
57500 88298
57600 87631
57700 87693
57800 87181
57900 88050
58000 90852
58100 89093
58200 88402
58300 88698
58400 88991
58500 90747
58600 85886
58700 88088
58800 90995
58900 89883
59000 86231
59100 91000
59200 90852
59300 91541
59400 89696
59500 90441
59600 88053
59700 92126
59800 89493
59900 90709
60000 90473
60100 91005
60200 89896
60300 91810
60400 89108
60500 93044
60600 91126
60700 95139
60800 91612
60900 91257
61000 92822
61100 94276
61200 94219
61300 89720
61400 91626
61500 92492
61600 93078
61700 93744
61800 91961
61900 93593
62000 93210
62100 96760
62200 95027
62300 95590
62400 95959
62500 92994
62600 93491
62700 94952
62800 94858
62900 94389
63000 91458
63100 93420
63200 96816
63300 93581
63400 98892
63500 93522
63600 96396
63700 95338
63800 96641
63900 98022
64000 96362
64100 95856
64200 96888
64300 94334
64400 94309
64500 97611
64600 98152
64700 97548
64800 101652
64900 97415
65000 96640
65100 93345
65200 98923
65300 98916
65400 98443
65500 97953
65600 95872
65700 99131
65800 101545
65900 96724
66000 98480
66100 96721
66200 99882
66300 101307
66400 100450
66500 100153
66600 101080
66700 98901
66800 103350
66900 100807
67000 99861
67100 99705
67200 101452
67300 101135
67400 101983
67500 98872
67600 98014
67700 101333
67800 100778
67900 106361
68000 101743
68100 100866
68200 102576
68300 101751
68400 101672
68500 100299
68600 102190
68700 102363
68800 102456
68900 101153
69000 103988
69100 102098
69200 104061
69300 104959
69400 105018
69500 104512
69600 106353
69700 103203
69800 101900
69900 104503
70000 101825
70100 102299
70200 103733
70300 101826
70400 102434
70500 105532
70600 106215
70700 106462
70800 104514
70900 107365
71000 106499
71100 107026
71200 103077
71300 107494
71400 105654
71500 106891
71600 106362
71700 107872
71800 105474
71900 105505
72000 106577
72100 105788
72200 107831
72300 107198
72400 106792
72500 108633
72600 105251
72700 105552
72800 107835
72900 109182
73000 109507
73100 110129
73200 106873
73300 109298
73400 105517
73500 108729
73600 107688
73700 109854
73800 110907
73900 108753
74000 109225
74100 109579
74200 112365
74300 107126
74400 107176
74500 109470
74600 110110
74700 108758
74800 110027
74900 110026
75000 105942
75100 113883
75200 111305
75300 108494
75400 107610
75500 111981
75600 109911
75700 114360
75800 108178
75900 112291
76000 113839
76100 113242
76200 111950
76300 112990
76400 112012
76500 112256
76600 115980
76700 114927
76800 109971
76900 116308
77000 116488
77100 113277
77200 113845
77300 114227
77400 111233
77500 114732
77600 116112
77700 115054
77800 117264
77900 112084
78000 117369
78100 114146
78200 114447
78300 117753
78400 115474
78500 115006
78600 113188
78700 115691
78800 117188
78900 112222
79000 113546
79100 117630
79200 116092
79300 115858
79400 115743
79500 115556
79600 115731
79700 115679
79800 119648
79900 117592
80000 114425
80100 115952
80200 114321
80300 116327
80400 117286
80500 115796
80600 115784
80700 118583
80800 115067
80900 117091
81000 117604
81100 119051
81200 119341
81300 120157
81400 119320
81500 118715
81600 120685
81700 118729
81800 118628
81900 118391
82000 119376
82100 120001
82200 119727
82300 124377
82400 117165
82500 121348
82600 119937
82700 123106
82800 119282
82900 117790
83000 120583
83100 122988
83200 121340
83300 122275
83400 121957
83500 123100
83600 120994
83700 120059
83800 121851
83900 121590
84000 121237
84100 120808
84200 123090
84300 121627
84400 124872
84500 120486
84600 121503
84700 123227
84800 118701
84900 123064
85000 119720
85100 124364
85200 122277
85300 123846
85400 123877
85500 127500
85600 127232
85700 125939
85800 127759
85900 123578
86000 122835
86100 124002
86200 126783
86300 124491
86400 124448
86500 128336
86600 126373
86700 124171
86800 120350
86900 121974
87000 125904
87100 128616
87200 123971
87300 127330
87400 125669
87500 120145
87600 126811
87700 127564
87800 120790
87900 123333
88000 127165
88100 125791
88200 126739
88300 125819
88400 127721
88500 127334
88600 127572
88700 125348
88800 128282
88900 127730
89000 131003
89100 127141
89200 125686
89300 132200
89400 127824
89500 125304
89600 130288
89700 128412
89800 129069
89900 129727
90000 127577
90100 131073
90200 128311
90300 126058
90400 129005
90500 129119
90600 132865
90700 127110
90800 130203
90900 129300
91000 127940
91100 129210
91200 128964
91300 128781
91400 128508
91500 129454
91600 130910
91700 131726
91800 131664
91900 136293
92000 133194
92100 130157
92200 131510
92300 129579
92400 127404
92500 130502
92600 131765
92700 131631
92800 128340
92900 132839
93000 134711
93100 130700
93200 127082
93300 133536
93400 133478
93500 135133
93600 128019
93700 132482
93800 130757
93900 136161
94000 133885
94100 130138
94200 130117
94300 131678
94400 135677
94500 133440
94600 134430
94700 131959
94800 133161
94900 137299
95000 136358
95100 137930
95200 136382
95300 136875
95400 137819
95500 135726
95600 136141
95700 131386
95800 134638
95900 140835
96000 137842
96100 134303
96200 133038
96300 137885
96400 133641
96500 137403
96600 141619
96700 139389
96800 138828
96900 141703
97000 136641
97100 135887
97200 136194
97300 138796
97400 134432
97500 138987
97600 133949
97700 132992
97800 143288
97900 140421
98000 142495
98100 140673
98200 137562
98300 140234
98400 139072
98500 139953
98600 138609
98700 137995
98800 136361
98900 138844
99000 140557
99100 141876
99200 139314
99300 145682
99400 142212
99500 138273
99600 141162
99700 139934
99800 141719
99900 141812
