100 442
200 775
300 1292
400 1510
500 2036
600 2471
700 3423
800 3871
900 3804
1000 4036
1100 4586
1200 5173
1300 5918
1400 6428
1500 6733
1600 7553
1700 10423
1800 7987
1900 7884
2000 10781
2100 8715
2200 11553
2300 10962
2400 10308
2500 11507
2600 11712
2700 11449
2800 11934
2900 17596
3000 13336
3100 14742
3200 17195
3300 15088
3400 16381
3500 17180
3600 15739
3700 17870
3800 17750
3900 17061
4000 18131
4100 18871
4200 18302
4300 19182
4400 19912
4500 19720
4600 20637
4700 20128
4800 21176
4900 20753
5000 20838
5100 19836
5200 23361
5300 24302
5400 28427
5500 23877
5600 22979
5700 30497
5800 22370
5900 25636
6000 22610
6100 30628
6200 26870
6300 27940
6400 27828
6500 32387
6600 36346
6700 30241
6800 31366
6900 32132
7000 32805
7100 32499
7200 28852
7300 35313
7400 31852
7500 36423
7600 34832
7700 37817
7800 35836
7900 34106
8000 44793
8100 34019
8200 37528
8300 43441
8400 36094
8500 39863
8600 37596
8700 37136
8800 35483
8900 42309
9000 45149
9100 44623
9200 41659
9300 41494
9400 39774
9500 44775
9600 37093
9700 44451
9800 40947
9900 43326
10000 43202
10100 43952
10200 47267
10300 49127
10400 47348
10500 54574
10600 51646
10700 69600
10800 63731
10900 46008
11000 45051
11100 51535
11200 60153
11300 59225
11400 60415
11500 49915
11600 50433
11700 61805
11800 52668
11900 51057
12000 62109
12100 59826
12200 52798
12300 52690
12400 56293
12500 48553
12600 51683
12700 58515
12800 62339
12900 61135
13000 58427
13100 52901
13200 58023
13300 54533
13400 57957
13500 64342
13600 66963
13700 59758
13800 56699
13900 56419
14000 57238
14100 65184
14200 68313
14300 63695
14400 65840
14500 62478
14600 57295
14700 63674
14800 71648
14900 64080
15000 65550
15100 84661
15200 61289
15300 68372
15400 75491
15500 72876
15600 81181
15700 72420
15800 65257
15900 74199
16000 69985
16100 69894
16200 67993
16300 69838
16400 69558
16500 72537
16600 77024
16700 86511
16800 86439
16900 74471
17000 68955
17100 81017
17200 75519
17300 70953
17400 73917
17500 81530
17600 89471
17700 81946
17800 79199
17900 88760
18000 89472
18100 83244
18200 94723
18300 82313
18400 74885
18500 92094
18600 85257
18700 83713
18800 86576
18900 100823
19000 92470
19100 77442
19200 79865
19300 87285
19400 84190
19500 84256
19600 88502
19700 97150
19800 99712
19900 96924
20000 119012
20100 88188
20200 82630
20300 91665
20400 91152
20500 107205
20600 95432
20700 114517
20800 89656
20900 94214
21000 97767
21100 84854
21200 104270
21300 96751
21400 85431
21500 120155
21600 99644
21700 106960
21800 103813
21900 108563
22000 110893
22100 110145
22200 109649
22300 110543
22400 101844
22500 109504
22600 109788
22700 111761
22800 87308
22900 98999
23000 104835
23100 103513
23200 109370
23300 118493
23400 103869
23500 101280
23600 112508
23700 105355
23800 154066
23900 127373
24000 97051
24100 115192
24200 119345
24300 167364
24400 106087
24500 116741
24600 121047
24700 100922
24800 106560
24900 95622
25000 110445
25100 105352
25200 137286
25300 106131
25400 117958
25500 99228
25600 107295
25700 117543
25800 112312
25900 132138
26000 123563
26100 129145
26200 118808
26300 111587
26400 125470
26500 125630
26600 118199
26700 141059
26800 118605
26900 167023
27000 122726
27100 125471
27200 134089
27300 110756
27400 118842
27500 134724
27600 123645
27700 117070
27800 123541
27900 126185
28000 153274
28100 124209
28200 132128
28300 135586
28400 135479
28500 126397
28600 127702
28700 132189
28800 134627
28900 147399
29000 115959
29100 116944
29200 116867
29300 129409
29400 129514
29500 125713
29600 151634
29700 118967
29800 149228
29900 170095
30000 136135
30100 123931
30200 112045
30300 136846
30400 144876
30500 193601
30600 126736
30700 131964
30800 130573
30900 142519
31000 164157
31100 151089
31200 134087
31300 134945
31400 134451
31500 132621
31600 126983
31700 133215
31800 133539
31900 135775
32000 144373
32100 159718
32200 154716
32300 145857
32400 150045
32500 145133
32600 154907
32700 151391
32800 161238
32900 137341
33000 146570
33100 142719
33200 208243
33300 147945
33400 138702
33500 161521
33600 133345
33700 130453
33800 184395
33900 192073
34000 154448
34100 178319
34200 173366
34300 167717
34400 158281
34500 166713
34600 145902
34700 137074
34800 161612
34900 159623
35000 149689
35100 141178
35200 192021
35300 180213
35400 147167
35500 168967
35600 134572
35700 151632
35800 192266
35900 162265
36000 160999
36100 158947
36200 148617
36300 160132
36400 151030
36500 178697
36600 147565
36700 173276
36800 170597
36900 176983
37000 144412
37100 205828
37200 159656
37300 202278
37400 158654
37500 156267
37600 186532
37700 191036
37800 162556
37900 162646
38000 154587
38100 173529
38200 158339
38300 165471
38400 208289
38500 200941
38600 157955
38700 170202
38800 177804
38900 160961
39000 183932
39100 237814
39200 180881
39300 168668
39400 192533
39500 161336
39600 197034
39700 189510
39800 185836
39900 196833
40000 176420
40100 250791
40200 200923
40300 167861
40400 195873
40500 196607
40600 184048
40700 207510
40800 179106
40900 178039
41000 180198
41100 175032
41200 179625
41300 189688
41400 191835
41500 189328
41600 173322
41700 181737
41800 175815
41900 193324
42000 195712
42100 193499
42200 188205
42300 171080
42400 165386
42500 187818
42600 207143
42700 186511
42800 182066
42900 176190
43000 191161
43100 221469
43200 191755
43300 190233
43400 190243
43500 179457
43600 222016
43700 229341
43800 184354
43900 196653
44000 219833
44100 181711
44200 200985
44300 194176
44400 200735
44500 256774
44600 250078
44700 203443
44800 195098
44900 208012
45000 211237
45100 253367
45200 220940
45300 198099
45400 214872
45500 215231
45600 202355
45700 265138
45800 210955
45900 236340
46000 197112
46100 182055
46200 196954
46300 211381
46400 207184
46500 192324
46600 233574
46700 208988
46800 250420
46900 251514
47000 197091
47100 246871
47200 235157
47300 216795
47400 206526
47500 182578
47600 212596
47700 214372
47800 210057
47900 197438
48000 226703
48100 263845
48200 217125
48300 242445
48400 211644
48500 238163
48600 236810
48700 193844
48800 222689
48900 187339
49000 221482
49100 228433
49200 244757
49300 208249
49400 239935
49500 227841
49600 251749
49700 214181
49800 212331
49900 211172
50000 233329
50100 262742
50200 254021
50300 243455
50400 233219
50500 217690
50600 261131
50700 220258
50800 197410
50900 222202
51000 234687
51100 218566
51200 310330
51300 282162
51400 223797
51500 276355
51600 256860
51700 226326
51800 244246
51900 252388
52000 207779
52100 206155
52200 238290
52300 286030
52400 225253
52500 240881
52600 288329
52700 250682
52800 253506
52900 276549
53000 246457
53100 248804
53200 256748
53300 242054
53400 242133
53500 237194
53600 240829
53700 255151
53800 215971
53900 235166
54000 317141
54100 253507
54200 246906
54300 247658
54400 230263
54500 278073
54600 241484
54700 278614
54800 256865
54900 250376
55000 266304
55100 263118
55200 294631
55300 231472
55400 274321
55500 255600
55600 300777
55700 281037
55800 252499
55900 246541
56000 251230
56100 225512
56200 241297
56300 244805
56400 287886
56500 260403
56600 245936
56700 299619
56800 242413
56900 259516
57000 248121
57100 250462
57200 289218
57300 285547
57400 279436
57500 271909
57600 253235
57700 332607
57800 268872
57900 261015
58000 337098
58100 270339
58200 276457
58300 304160
58400 245520
58500 283320
58600 267340
58700 271209
58800 282240
58900 272523
59000 344891
59100 289326
59200 245173
59300 307252
59400 235313
59500 262708
59600 271909
59700 261103
59800 267880
59900 290400
60000 277026
60100 266037
60200 310759
60300 299400
60400 246106
60500 312201
60600 274964
60700 286620
60800 269062
60900 271774
61000 283542
61100 273659
61200 303654
61300 285005
61400 245444
61500 298136
61600 279971
61700 264022
61800 321637
61900 327361
62000 275665
62100 321016
62200 310887
62300 317981
62400 319268
62500 296973
62600 299515
62700 283729
62800 343019
62900 294503
63000 278649
63100 290610
63200 294845
63300 263627
63400 277657
63500 273534
63600 308342
63700 255676
63800 302650
63900 265227
64000 277902
64100 318099
64200 267257
64300 262043
64400 337705
64500 309563
64600 308103
64700 276889
64800 288689
64900 323531
65000 323961
65100 272261
65200 281740
65300 306097
65400 299486
65500 318014
65600 273160
65700 400240
65800 337331
65900 308975
66000 356936
66100 340023
66200 345862
66300 301041
66400 296910
66500 328929
66600 275239
66700 330772
66800 348066
66900 297411
67000 284566
67100 319069
67200 316574
67300 336518
67400 328273
67500 386069
67600 345206
67700 302745
67800 337936
67900 329053
68000 311498
68100 302405
68200 374799
68300 359165
68400 364087
68500 274030
68600 309153
68700 348350
68800 308140
68900 368573
69000 368427
69100 325486
69200 330205
69300 327701
69400 323761
69500 331014
69600 314705
69700 298006
69800 332002
69900 298355
70000 305548
70100 336561
70200 314231
70300 344142
70400 340167
70500 358212
70600 351199
70700 401458
70800 336582
70900 317995
71000 393635
71100 307844
71200 262668
71300 337243
71400 376983
71500 330851
71600 308708
71700 354554
71800 339346
71900 342905
72000 320416
72100 318202
72200 335584
72300 293974
72400 299947
72500 330756
72600 374444
72700 328860
72800 337839
72900 408471
73000 348716
73100 342649
73200 341816
73300 339175
73400 344933
73500 335481
73600 336746
73700 373258
73800 433463
73900 406416
74000 292363
74100 329008
74200 360128
74300 355225
74400 301048
74500 358613
74600 368894
74700 376398
74800 385711
74900 294056
75000 338835
75100 348064
75200 369139
75300 344013
75400 425667
75500 374339
75600 343826
75700 351185
75800 465338
75900 361376
76000 325593
76100 394587
76200 329643
76300 362239
76400 297343
76500 351765
76600 399257
76700 372971
76800 321867
76900 345905
77000 326569
77100 331525
77200 374746
77300 327376
77400 392023
77500 349204
77600 382348
77700 425096
77800 360061
77900 376703
78000 353844
78100 319664
78200 344915
78300 385908
78400 449669
78500 402450
78600 441599
78700 398511
78800 373921
78900 437663
79000 340602
79100 358262
79200 372268
79300 374535
79400 362019
79500 403762
79600 379966
79700 413289
79800 366834
79900 325016
80000 380231
80100 392300
80200 367759
80300 331499
80400 364451
80500 378908
80600 329362
80700 357080
80800 391102
80900 408760
81000 481244
81100 330680
81200 350895
81300 337803
81400 499800
81500 434196
81600 373721
81700 417665
81800 330315
81900 373439
82000 348891
82100 347569
82200 372811
82300 427581
82400 421090
82500 364951
82600 405054
82700 361282
82800 364788
82900 371651
83000 336047
83100 394349
83200 351497
83300 451331
83400 463476
83500 376439
83600 369555
83700 431110
83800 371143
83900 416477
84000 368532
84100 357687
84200 414584
84300 384500
84400 436129
84500 401841
84600 353391
84700 363341
84800 383103
84900 377131
85000 404542
85100 391764
85200 345664
85300 382598
85400 366828
85500 384834
85600 442164
85700 380740
85800 415986
85900 362302
86000 440798
86100 360014
86200 392464
86300 434072
86400 424929
86500 391024
86600 388913
86700 381437
86800 412369
86900 423720
87000 456773
87100 412537
87200 407351
87300 457955
87400 481061
87500 409777
87600 398822
87700 413327
87800 386967
87900 381158
88000 361186
88100 413775
88200 447234
88300 411308
88400 406060
88500 381300
88600 392992
88700 437707
88800 375211
88900 398381
89000 405705
89100 406413
89200 386390
89300 442521
89400 437184
89500 399188
89600 414155
89700 400894
89800 472265
89900 422949
90000 383292
90100 460091
90200 394727
90300 453383
90400 457338
90500 404776
90600 483180
90700 470552
90800 392999
90900 434351
91000 410512
91100 429115
91200 375891
91300 394686
91400 518754
91500 433067
91600 410538
91700 412214
91800 429197
91900 376962
92000 444504
92100 436661
92200 434818
92300 410901
92400 393958
92500 398816
92600 393141
92700 447862
92800 383357
92900 434005
93000 540918
93100 460325
93200 418565
93300 451088
93400 435361
93500 384307
93600 428942
93700 408423
93800 364043
93900 418623
94000 418833
94100 490508
94200 425638
94300 397167
94400 467513
94500 520979
94600 409678
94700 415197
94800 432428
94900 430229
95000 440716
95100 552006
95200 475307
95300 417695
95400 421738
95500 464321
95600 474823
95700 415994
95800 406773
95900 535858
96000 461288
96100 482432
96200 636001
96300 478397
96400 447520
96500 427632
96600 480234
96700 481484
96800 507938
96900 466402
97000 415967
97100 461651
97200 424406
97300 444751
97400 520029
97500 541051
97600 422806
97700 460684
97800 506114
97900 497174
98000 444487
98100 453612
98200 375808
98300 478709
98400 507099
98500 533547
98600 469570
98700 517504
98800 498528
98900 505121
99000 416843
99100 449505
99200 497118
99300 511479
99400 482611
99500 457464
99600 462487
99700 503127
99800 466334
99900 576518
