100 6
200 4
300 44
400 48
500 90
600 16
700 72
800 47
900 8
1000 154
1100 37
1200 44
1300 85
1400 9
1500 45
1600 229
1700 172
1800 138
1900 59
2000 162
2100 284
2200 524
2300 320
2400 155
2500 317
2600 148
2700 252
2800 402
2900 57
3000 192
3100 384
3200 157
3300 198
3400 381
3500 267
3600 253
3700 342
3800 137
3900 62
4000 299
4100 353
4200 442
4300 348
4400 509
4500 336
4600 455
4700 624
4800 310
4900 480
5000 407
5100 304
5200 905
5300 639
5400 492
5500 316
5600 435
5700 746
5800 418
5900 758
6000 292
6100 437
6200 844
6300 218
6400 381
6500 615
6600 292
6700 359
6800 283
6900 473
7000 710
7100 226
7200 104
7300 424
7400 569
7500 372
7600 989
7700 616
7800 391
7900 609
8000 607
8100 1181
8200 109
8300 680
8400 1430
8500 544
8600 781
8700 652
8800 748
8900 785
9000 382
9100 714
9200 545
9300 1114
9400 1387
9500 846
9600 239
9700 1194
9800 1374
9900 709
10000 861
10100 977
10200 133
10300 1710
10400 827
10500 1415
10600 661
10700 563
10800 754
10900 552
11000 397
11100 1478
11200 949
11300 918
11400 1101
11500 507
11600 768
11700 716
11800 424
11900 586
12000 1155
12100 831
12200 1688
12300 692
12400 1284
12500 836
12600 658
12700 827
12800 476
12900 546
13000 1974
13100 831
13200 354
13300 1202
13400 863
13500 1731
13600 742
13700 1186
13800 1004
13900 1149
14000 2418
14100 626
14200 918
14300 2621
14400 1336
14500 1046
14600 673
14700 555
14800 1884
14900 1806
15000 1914
15100 573
15200 510
15300 543
15400 2552
15500 688
15600 756
15700 1669
15800 492
15900 2125
16000 654
16100 1233
16200 1007
16300 2040
16400 2017
16500 2786
16600 1499
16700 1619
16800 2822
16900 685
17000 1741
17100 1532
17200 2792
17300 2280
17400 2936
17500 1190
17600 1252
17700 1622
17800 1539
17900 697
18000 1471
18100 867
18200 2800
18300 295
18400 2145
18500 1590
18600 1587
18700 2205
18800 2673
18900 2202
19000 1705
19100 1068
19200 1245
19300 3390
19400 2374
19500 3118
19600 1286
19700 2674
19800 1377
19900 570
20000 2191
20100 1744
20200 2358
20300 1521
20400 3554
20500 336
20600 2036
20700 1131
20800 1219
20900 2932
21000 2098
21100 1101
21200 1736
21300 1885
21400 1760
21500 2628
21600 1905
21700 1151
21800 3795
21900 540
22000 564
22100 1535
22200 2798
22300 1334
22400 2515
22500 848
22600 736
22700 1430
22800 2966
22900 273
23000 1482
23100 1473
23200 2956
23300 2521
23400 1290
23500 2485
23600 230
23700 1357
23800 1642
23900 3632
24000 495
24100 912
24200 1097
24300 3153
24400 5013
24500 1566
24600 2112
24700 1744
24800 799
24900 464
25000 759
25100 1019
25200 2437
25300 1761
25400 4504
25500 3021
25600 1550
25700 3197
25800 2312
25900 917
26000 1711
26100 457
26200 513
26300 2167
26400 845
26500 3583
26600 1862
26700 1036
26800 1881
26900 1519
27000 2061
27100 1424
27200 4222
27300 897
27400 1557
27500 1350
27600 2062
27700 1871
27800 896
27900 1622
28000 4011
28100 3631
28200 1643
28300 3351
28400 2543
28500 1530
28600 3095
28700 912
28800 756
28900 2287
29000 1228
29100 3622
29200 3060
29300 2396
29400 823
29500 857
29600 1806
29700 2511
29800 3527
29900 3726
30000 2653
30100 2619
30200 2225
30300 1846
30400 2518
30500 2786
30600 1410
30700 3688
30800 3404
30900 423
31000 3557
31100 3189
31200 494
31300 404
31400 2260
31500 5315
31600 602
31700 4523
31800 1262
31900 2656
32000 1257
32100 2460
32200 711
32300 1401
32400 3631
32500 4476
32600 784
32700 3799
32800 2600
32900 2909
33000 2128
33100 3652
33200 2546
33300 1190
33400 1914
33500 1695
33600 1912
33700 3861
33800 4882
33900 3388
34000 1745
34100 886
34200 3832
34300 2475
34400 2021
34500 1192
34600 1153
34700 5015
34800 2812
34900 1489
35000 4388
35100 1076
35200 2541
35300 2982
35400 2400
35500 611
35600 799
35700 3690
35800 3915
35900 3305
36000 4100
36100 1842
36200 5003
36300 1422
36400 4259
36500 3006
36600 2317
36700 1256
36800 3916
36900 4502
37000 1028
37100 4602
37200 4964
37300 4468
37400 1618
37500 4152
37600 3293
37700 5887
37800 978
37900 3649
38000 1519
38100 4314
38200 1847
38300 586
38400 3449
38500 1412
38600 731
38700 857
38800 1708
38900 6476
39000 1678
39100 6707
39200 2903
39300 3142
39400 2120
39500 4405
39600 2821
39700 4900
39800 3526
39900 5754
40000 3520
40100 3782
40200 4689
40300 670
40400 1016
40500 3227
40600 1304
40700 3272
40800 6094
40900 782
41000 309
41100 5616
41200 3946
41300 5034
41400 4106
41500 1363
41600 4189
41700 4775
41800 3270
41900 5744
42000 3141
42100 1572
42200 3016
42300 577
42400 4330
42500 808
42600 5309
42700 1064
42800 3806
42900 2626
43000 3866
43100 3843
43200 1709
43300 2226
43400 5510
43500 1281
43600 3904
43700 1341
43800 2293
43900 3106
44000 4832
44100 2106
44200 209
44300 5538
44400 2227
44500 4129
44600 2156
44700 3106
44800 4081
44900 1868
45000 2234
45100 5513
45200 2876
45300 3234
45400 3431
45500 2941
45600 4895
45700 6076
45800 2367
45900 4158
46000 4412
46100 2673
46200 3087
46300 1970
46400 5248
46500 5873
46600 1729
46700 1639
46800 8629
46900 2914
47000 5172
47100 2492
47200 3939
47300 1352
47400 1781
47500 4429
47600 5827
47700 6370
47800 1885
47900 7749
48000 2428
48100 1451
48200 1515
48300 2093
48400 4054
48500 5305
48600 1301
48700 3125
48800 6541
48900 641
49000 3206
49100 672
49200 1346
49300 2942
49400 1439
49500 3351
49600 3351
49700 2775
49800 1468
49900 7497
50000 2094
50100 3092
50200 5078
50300 7502
50400 1800
50500 1657
50600 3048
50700 4200
50800 2607
50900 3135
51000 7097
51100 1663
51200 1193
51300 3035
51400 5277
51500 1389
51600 382
51700 2592
51800 1782
51900 4606
52000 5503
52100 2941
52200 4639
52300 2930
52400 3320
52500 2450
52600 3637
52700 8282
52800 3484
52900 4555
53000 8356
53100 7626
53200 5288
53300 4550
53400 5927
53500 4166
53600 7695
53700 6480
53800 5485
53900 724
54000 5455
54100 10211
54200 9921
54300 2116
54400 5211
54500 1227
54600 2224
54700 4979
54800 2206
54900 1863
55000 2235
55100 8017
55200 5499
55300 5138
55400 3654
55500 3720
55600 1574
55700 5620
55800 5369
55900 3276
56000 7895
56100 6530
56200 6661
56300 7389
56400 6022
56500 5437
56600 6533
56700 3600
56800 4193
56900 2179
57000 2373
57100 3652
57200 2036
57300 4514
57400 4108
57500 5332
57600 4275
57700 2857
57800 4092
57900 1110
58000 3130
58100 1786
58200 6466
58300 4685
58400 3812
58500 779
58600 6156
58700 7927
58800 5589
58900 4500
59000 4210
59100 3571
59200 5145
59300 3118
59400 3293
59500 6492
59600 2923
59700 3923
59800 5785
59900 3465
60000 5702
60100 3543
60200 271
60300 4658
60400 8423
60500 6976
60600 4752
60700 5877
60800 6272
60900 5256
61000 7402
61100 68
61200 3956
61300 4287
61400 5875
61500 5678
61600 2171
61700 3886
61800 8391
61900 3333
62000 2580
62100 7372
62200 4291
62300 5939
62400 5224
62500 6462
62600 7489
62700 4566
62800 1354
62900 3952
63000 1251
63100 9123
63200 7745
63300 6391
63400 3426
63500 5666
63600 5251
63700 4843
63800 10191
63900 2561
64000 9511
64100 4935
64200 4225
64300 8434
64400 9647
64500 5045
64600 3620
64700 2919
64800 2527
64900 3796
65000 732
65100 6205
65200 1689
65300 3410
65400 6026
65500 3169
65600 2061
65700 8370
65800 7093
65900 4275
66000 3807
66100 6363
66200 4277
66300 578
66400 5429
66500 3353
66600 5892
66700 5070
66800 1851
66900 3852
67000 3148
67100 2813
67200 4820
67300 2414
67400 6638
67500 1832
67600 6519
67700 5115
67800 2522
67900 6019
68000 4835
68100 6860
68200 3057
68300 5932
68400 3076
68500 732
68600 10199
68700 10135
68800 5847
68900 4251
69000 2229
69100 3028
69200 2120
69300 3580
69400 5400
69500 8892
69600 3000
69700 515
69800 1690
69900 4950
70000 1940
70100 4538
70200 4760
70300 8493
70400 3110
70500 1886
70600 1256
70700 8538
70800 5391
70900 5252
71000 5115
71100 7142
71200 4984
71300 6034
71400 3951
71500 6913
71600 8885
71700 8932
71800 3281
71900 6446
72000 3567
72100 745
72200 8474
72300 1350
72400 7847
72500 1738
72600 5916
72700 5687
72800 3207
72900 2062
73000 5310
73100 2823
73200 4655
73300 6990
73400 5419
73500 3985
73600 5410
73700 2319
73800 4772
73900 6184
74000 1660
74100 861
74200 2810
74300 4621
74400 3612
74500 1810
74600 676
74700 5418
74800 2363
74900 2490
75000 3982
75100 6227
75200 6013
75300 1889
75400 5514
75500 6228
75600 6406
75700 1415
75800 3119
75900 5238
76000 3894
76100 3253
76200 4971
76300 521
76400 5486
76500 4681
76600 2887
76700 2700
76800 2430
76900 12061
77000 7523
77100 9695
77200 5055
77300 6968
77400 6904
77500 2518
77600 8930
77700 3539
77800 3108
77900 3758
78000 1071
78100 9313
78200 7692
78300 7799
78400 5471
78500 2047
78600 1232
78700 9456
78800 9385
78900 8292
79000 3301
79100 2133
79200 7836
79300 9958
79400 1261
79500 4426
79600 8982
79700 7007
79800 10121
79900 6792
80000 8016
80100 7963
80200 5912
80300 4944
80400 7626
80500 4385
80600 4895
80700 5990
80800 3799
80900 1259
81000 4670
81100 1575
81200 6447
81300 12127
81400 7449
81500 3147
81600 5964
81700 4920
81800 6038
81900 6831
82000 6138
82100 6947
82200 836
82300 4058
82400 8065
82500 4293
82600 4080
82700 3178
82800 1139
82900 12306
83000 4066
83100 6097
83200 10127
83300 9932
83400 5197
83500 8648
83600 542
83700 628
83800 11795
83900 6098
84000 1724
84100 4464
84200 3564
84300 6016
84400 2652
84500 3120
84600 6346
84700 7175
84800 3458
84900 8266
85000 4709
85100 6648
85200 6308
85300 7134
85400 6076
85500 5870
85600 8227
85700 6507
85800 9804
85900 4415
86000 2211
86100 5070
86200 1446
86300 4585
86400 9829
86500 5286
86600 5674
86700 4464
86800 8079
86900 3939
87000 7232
87100 5388
87200 10617
87300 10065
87400 4466
87500 5402
87600 1829
87700 1415
87800 11541
87900 8569
88000 9292
88100 4985
88200 12065
88300 2231
88400 10099
88500 3629
88600 6947
88700 4236
88800 15794
88900 2476
89000 2584
89100 7474
89200 7153
89300 2752
89400 1316
89500 12890
89600 3261
89700 9755
89800 16887
89900 8083
90000 2195
90100 3905
90200 9183
90300 11193
90400 5410
90500 7875
90600 3954
90700 3687
90800 5181
90900 1261
91000 7598
91100 7050
91200 6231
91300 4868
91400 8626
91500 10462
91600 9481
91700 10589
91800 7768
91900 9115
92000 7256
92100 1383
92200 10814
92300 1479
92400 12658
92500 10978
92600 8825
92700 3365
92800 8561
92900 5207
93000 6394
93100 6236
93200 7220
93300 9196
93400 3733
93500 4520
93600 5043
93700 4428
93800 9060
93900 8392
94000 18042
94100 6550
94200 2366
94300 2483
94400 9682
94500 7545
94600 7190
94700 12298
94800 8999
94900 8931
95000 8741
95100 6216
95200 8530
95300 6893
95400 4599
95500 7726
95600 4736
95700 3338
95800 8290
95900 1402
96000 7759
96100 8606
96200 8518
96300 2744
96400 2434
96500 6869
96600 4088
96700 8878
96800 5077
96900 15538
97000 6683
97100 7514
97200 16546
97300 7352
97400 3969
97500 11943
97600 5167
97700 6631
97800 7311
97900 8609
98000 3855
98100 7615
98200 4432
98300 5371
98400 7876
98500 8202
98600 3356
98700 3850
98800 8811
98900 5802
99000 5465
99100 3063
99200 5753
99300 8910
99400 3264
99500 8436
99600 6319
99700 6070
99800 3913
99900 9475
