100 163
200 385
300 629
400 891
500 1155
600 1436
700 1723
800 2019
900 2314
1000 2615
1100 2919
1200 3240
1300 3545
1400 3877
1500 4183
1600 4519
1700 4849
1800 5166
1900 5493
2000 5823
2100 6162
2200 6486
2300 6843
2400 7191
2500 7527
2600 7875
2700 8232
2800 8581
2900 8934
3000 9272
3100 9636
3200 9989
3300 10339
3400 10707
3500 11062
3600 11418
3700 11780
3800 12146
3900 12492
4000 12856
4100 13211
4200 13590
4300 13959
4400 14311
4500 14713
4600 15094
4700 15458
4800 15840
4900 16206
5000 16563
5100 16952
5200 17318
5300 17701
5400 18086
5500 18468
5600 18850
5700 19237
5800 19612
5900 19989
6000 20352
6100 20731
6200 21136
6300 21524
6400 21900
6500 22304
6600 22673
6700 23048
6800 23448
6900 23836
7000 24229
7100 24600
7200 25001
7300 25360
7400 25768
7500 26150
7600 26539
7700 26940
7800 27323
7900 27719
8000 28102
8100 28484
8200 28893
8300 29278
8400 29697
8500 30104
8600 30499
8700 30900
8800 31301
8900 31696
9000 32077
9100 32487
9200 32899
9300 33306
9400 33714
9500 34106
9600 34535
9700 34930
9800 35349
9900 35730
10000 36153
10100 36541
10200 36949
10300 37376
10400 37764
10500 38166
10600 38562
10700 38984
10800 39406
10900 39804
11000 40228
11100 40631
11200 41025
11300 41420
11400 41824
11500 42216
11600 42672
11700 43070
11800 43466
11900 43869
12000 44319
12100 44676
12200 45100
12300 45508
12400 45941
12500 46373
12600 46762
12700 47187
12800 47629
12900 48009
13000 48433
13100 48892
13200 49259
13300 49679
13400 50105
13500 50511
13600 50935
13700 51352
13800 51797
13900 52179
14000 52608
14100 53007
14200 53435
14300 53818
14400 54274
14500 54658
14600 55106
14700 55536
14800 55923
14900 56354
15000 56780
15100 57186
15200 57602
15300 58023
15400 58492
15500 58871
15600 59306
15700 59753
15800 60135
15900 60559
16000 60984
16100 61442
16200 61823
16300 62261
16400 62671
16500 63076
16600 63537
16700 63962
16800 64395
16900 64846
17000 65264
17100 65694
17200 66126
17300 66566
17400 66987
17500 67451
17600 67830
17700 68307
17800 68684
17900 69107
18000 69553
18100 69988
18200 70435
18300 70878
18400 71286
18500 71750
18600 72180
18700 72632
18800 73050
18900 73447
19000 73949
19100 74346
19200 74754
19300 75205
19400 75637
19500 76064
19600 76536
19700 76955
19800 77390
19900 77795
20000 78279
20100 78665
20200 79132
20300 79546
20400 79999
20500 80449
20600 80893
20700 81290
20800 81721
20900 82174
21000 82604
21100 83051
21200 83497
21300 83931
21400 84354
21500 84816
21600 85223
21700 85664
21800 86124
21900 86619
22000 86988
22100 87425
22200 87875
22300 88308
22400 88757
22500 89191
22600 89636
22700 90063
22800 90470
22900 90963
23000 91388
23100 91820
23200 92282
23300 92691
23400 93171
23500 93593
23600 94028
23700 94462
23800 94908
23900 95292
24000 95757
24100 96217
24200 96652
24300 97082
24400 97504
24500 97978
24600 98435
24700 98871
24800 99312
24900 99771
25000 100194
25100 100685
25200 101088
25300 101582
25400 101988
25500 102417
25600 102891
25700 103304
25800 103784
25900 104188
26000 104669
26100 105088
26200 105564
26300 106043
26400 106461
26500 106893
26600 107370
26700 107837
26800 108242
26900 108676
27000 109152
27100 109567
27200 110021
27300 110490
27400 110898
27500 111424
27600 111861
27700 112269
27800 112728
27900 113193
28000 113618
28100 114051
28200 114521
28300 114947
28400 115406
28500 115881
28600 116364
28700 116772
28800 117246
28900 117663
29000 118114
29100 118586
29200 119034
29300 119499
29400 119904
29500 120350
29600 120791
29700 121280
29800 121707
29900 122175
30000 122615
30100 123084
30200 123506
30300 123877
30400 124341
30500 124783
30600 125163
30700 125653
30800 126114
30900 126571
31000 127034
31100 127516
31200 127968
31300 128407
31400 128866
31500 129312
31600 129787
31700 130248
31800 130676
31900 131089
32000 131506
32100 131984
32200 132472
32300 132903
32400 133328
32500 133778
32600 134244
32700 134694
32800 135226
32900 135640
33000 136098
33100 136567
33200 136997
33300 137474
33400 137975
33500 138385
33600 138843
33700 139343
33800 139758
33900 140242
34000 140696
34100 141125
34200 141627
34300 142071
34400 142554
34500 142995
34600 143424
34700 143969
34800 144412
34900 144841
35000 145318
35100 145744
35200 146209
35300 146708
35400 147127
35500 147618
35600 148060
35700 148506
35800 149009
35900 149492
36000 149977
36100 150423
36200 150905
36300 151353
36400 151773
36500 152228
36600 152743
36700 153181
36800 153593
36900 154084
37000 154638
37100 155047
37200 155538
37300 156028
37400 156438
37500 156962
37600 157356
37700 157863
37800 158349
37900 158767
38000 159262
38100 159699
38200 160148
38300 160582
38400 161127
38500 161468
38600 162000
38700 162483
38800 162979
38900 163428
39000 163890
39100 164367
39200 164836
39300 165278
39400 165689
39500 166228
39600 166668
39700 167103
39800 167610
39900 168058
40000 168546
40100 169016
40200 169469
40300 169951
40400 170376
40500 170844
40600 171285
40700 171741
40800 172240
40900 172703
41000 173099
41100 173640
41200 174131
41300 174638
41400 174999
41500 175571
41600 176026
41700 176414
41800 176870
41900 177414
42000 177858
42100 178315
42200 178810
42300 179297
42400 179719
42500 180162
42600 180658
42700 181160
42800 181605
42900 182108
43000 182555
43100 183024
43200 183474
43300 183947
43400 184415
43500 184850
43600 185354
43700 185819
43800 186276
43900 186742
44000 187211
44100 187732
44200 188160
44300 188625
44400 189128
44500 189582
44600 190037
44700 190506
44800 190945
44900 191481
45000 191913
45100 192399
45200 192813
45300 193347
45400 193828
45500 194225
45600 194648
45700 195141
45800 195641
45900 196101
46000 196503
46100 197049
46200 197524
46300 197933
46400 198418
46500 198939
46600 199381
46700 199890
46800 200366
46900 200865
47000 201360
47100 201819
47200 202271
47300 202697
47400 203145
47500 203612
47600 204084
47700 204577
47800 205005
47900 205469
48000 205879
48100 206464
48200 206950
48300 207332
48400 207879
48500 208328
48600 208783
48700 209293
48800 209737
48900 210327
49000 210741
49100 211190
49200 211709
49300 212135
49400 212608
49500 213093
49600 213548
49700 214007
49800 214568
49900 214995
50000 215488
50100 215938
50200 216374
50300 216862
50400 217350
50500 217775
50600 218280
50700 218719
50800 219248
50900 219713
51000 220182
51100 220650
51200 221147
51300 221609
51400 222098
51500 222520
51600 223049
51700 223497
51800 223953
51900 224551
52000 225002
52100 225455
52200 225980
52300 226389
52400 226842
52500 227375
52600 227811
52700 228282
52800 228774
52900 229261
53000 229762
53100 230177
53200 230657
53300 231234
53400 231690
53500 232089
53600 232668
53700 233073
53800 233561
53900 234021
54000 234525
54100 235012
54200 235406
54300 235937
54400 236429
54500 236907
54600 237295
54700 237728
54800 238199
54900 238765
55000 239202
55100 239658
55200 240217
55300 240696
55400 241221
55500 241662
55600 242105
55700 242624
55800 243026
55900 243555
56000 243974
56100 244503
56200 244956
56300 245458
56400 245908
56500 246398
56600 246857
56700 247306
56800 247754
56900 248229
57000 248690
57100 249222
57200 249738
57300 250119
57400 250634
57500 251125
57600 251595
57700 252139
57800 252582
57900 253058
58000 253621
58100 254093
58200 254551
58300 254965
58400 255568
58500 255954
58600 256399
58700 256944
58800 257412
58900 257906
59000 258314
59100 258770
59200 259264
59300 259770
59400 260215
59500 260686
59600 261182
59700 261649
59800 262174
59900 262594
60000 263115
60100 263587
60200 264072
60300 264586
60400 265060
60500 265494
60600 266053
60700 266523
60800 267001
60900 267429
61000 267897
61100 268434
61200 268823
61300 269336
61400 269790
61500 270404
61600 270828
61700 271191
61800 271771
61900 272253
62000 272676
62100 273173
62200 273667
62300 274120
62400 274645
62500 275043
62600 275597
62700 276016
62800 276474
62900 276991
63000 277511
63100 278051
63200 278513
63300 279008
63400 279521
63500 279896
63600 280414
63700 280857
63800 281370
63900 281889
64000 282397
64100 282819
64200 283288
64300 283800
64400 284266
64500 284685
64600 285113
64700 285623
64800 286131
64900 286625
65000 287063
65100 287550
65200 288093
65300 288553
65400 289008
65500 289469
65600 289977
65700 290479
65800 290970
65900 291505
66000 291975
66100 292549
66200 292884
66300 293370
66400 293859
66500 294409
66600 294965
66700 295430
66800 295847
66900 296375
67000 296844
67100 297376
67200 297833
67300 298382
67400 298857
67500 299355
67600 299864
67700 300323
67800 300801
67900 301384
68000 301808
68100 302252
68200 302805
68300 303279
68400 303753
68500 304277
68600 304741
68700 305163
68800 305672
68900 306234
69000 306761
69100 307233
69200 307518
69300 308160
69400 308699
69500 309135
69600 309673
69700 310158
69800 310713
69900 311167
70000 311584
70100 312093
70200 312683
70300 313114
70400 313596
70500 314167
70600 314626
70700 315131
70800 315618
70900 316067
71000 316605
71100 317034
71200 317495
71300 318081
71400 318588
71500 319028
71600 319565
71700 319991
71800 320570
71900 321000
72000 321440
72100 321952
72200 322534
72300 322970
72400 323417
72500 323994
72600 324408
72700 324939
72800 325472
72900 325874
73000 326398
73100 326908
73200 327395
73300 327892
73400 328437
73500 328945
73600 329403
73700 329829
73800 330439
73900 330906
74000 331380
74100 331853
74200 332312
74300 332875
74400 333357
74500 333831
74600 334299
74700 334778
74800 335263
74900 335758
75000 336226
75100 336871
75200 337245
75300 337766
75400 338310
75500 338748
75600 339282
75700 339735
75800 340218
75900 340755
76000 341355
76100 341755
76200 342220
76300 342649
76400 343359
76500 343763
76600 344174
76700 344689
76800 345096
76900 345649
77000 346156
77100 346684
77200 347169
77300 347614
77400 348157
77500 348751
77600 349206
77700 349682
77800 350163
77900 350657
78000 351024
78100 351609
78200 352085
78300 352621
78400 353112
78500 353666
78600 354070
78700 354577
78800 355114
78900 355641
79000 356019
79100 356544
79200 357084
79300 357666
79400 357978
79500 358597
79600 359100
79700 359544
79800 359987
79900 360558
80000 360982
80100 361553
80200 362012
80300 362477
80400 363048
80500 363582
80600 364070
80700 364414
80800 365038
80900 365519
81000 365996
81100 366417
81200 366999
81300 367405
81400 367920
81500 368424
81600 368959
81700 369376
81800 369928
81900 370438
82000 370900
82100 371345
82200 372001
82300 372451
82400 372823
82500 373380
82600 373974
82700 374428
82800 374908
82900 375342
83000 375867
83100 376444
83200 376894
83300 377365
83400 377835
83500 378436
83600 378857
83700 379416
83800 379949
83900 380329
84000 380955
84100 381353
84200 381900
84300 382332
84400 382839
84500 383436
84600 383894
84700 384355
84800 384744
84900 385378
85000 385974
85100 386338
85200 386924
85300 387406
85400 387870
85500 388281
85600 388976
85700 389351
85800 389955
85900 390410
86000 390900
86100 391453
86200 391843
86300 392313
86400 392962
86500 393452
86600 393840
86700 394261
86800 394836
86900 395293
87000 395850
87100 396326
87200 396859
87300 397284
87400 397893
87500 398306
87600 398800
87700 399291
87800 399822
87900 400296
88000 400741
88100 401311
88200 401759
88300 402312
88400 402776
88500 403290
88600 403789
88700 404363
88800 404807
88900 405245
89000 405767
89100 406401
89200 406779
89300 407299
89400 407832
89500 408282
89600 408795
89700 409306
89800 409786
89900 410253
90000 410760
90100 411261
90200 411737
90300 412218
90400 412741
90500 413207
90600 413822
90700 414309
90800 414796
90900 415322
91000 415773
91100 416185
91200 416903
91300 417324
91400 417720
91500 418192
91600 418703
91700 419275
91800 419753
91900 420249
92000 420855
92100 421265
92200 421886
92300 422325
92400 422854
92500 423161
92600 423760
92700 424361
92800 424718
92900 425229
93000 425764
93100 426229
93200 426793
93300 427241
93400 427782
93500 428320
93600 428812
93700 429169
93800 429735
93900 430356
94000 430825
94100 431253
94200 431749
94300 432325
94400 432766
94500 433230
94600 433706
94700 434206
94800 434709
94900 435224
95000 435746
95100 436245
95200 436752
95300 437282
95400 437727
95500 438276
95600 438723
95700 439258
95800 439824
95900 440163
96000 440767
96100 441272
96200 441797
96300 442194
96400 442748
96500 443285
96600 443797
96700 444304
96800 444771
96900 445251
97000 445748
97100 446223
97200 446789
97300 447279
97400 447759
97500 448281
97600 448750
97700 449284
97800 449722
97900 450201
98000 450747
98100 451303
98200 451774
98300 452385
98400 452757
98500 453393
98600 453778
98700 454207
98800 454830
98900 455178
99000 455731
99100 456316
99200 456802
99300 457305
99400 457815
99500 458225
99600 458820
99700 459407
99800 459902
99900 460359
100000 460886
