100 0.00000
200 0.00000
300 0.00000
400 0.00000
500 400.20000
600 0.00000
700 0.00000
800 0.00000
900 399.80000
1000 0.00000
1100 399.90000
1200 0.00000
1300 400.10000
1400 400.00000
1500 0.00000
1600 400.10000
1700 401.40000
1800 0.00000
1900 398.60000
2000 400.00000
2100 400.30000
2200 400.00000
2300 400.00000
2400 399.90000
2500 800.20000
2600 399.90000
2700 399.90000
2800 800.20000
2900 400.00000
3000 400.00000
3100 400.00000
3200 800.10000
3300 400.20000
3400 801.20000
3500 400.00000
3600 800.10000
3700 400.10000
3800 799.90000
3900 400.00000
4000 399.90000
4100 800.20000
4200 800.00000
4300 800.00000
4400 801.40000
4500 400.10000
4600 800.00000
4700 800.00000
4800 1200.20000
4900 800.10000
5000 800.00000
5100 1200.00000
5200 1198.80000
5300 800.10000
5400 801.50000
5500 1200.00000
5600 800.10000
5700 0.00000
5800 0.00000
5900 1563.80000
6000 1571.20000
6100 1201.30000
6200 1600.10000
6300 1214.00000
6400 0.00000
6500 1563.80000
6600 1562.50000
6700 2049.30000
6800 400.10000
6900 1563.80000
7000 0.00000
7100 1562.70000
7200 1562.30000
7300 1562.50000
7400 1562.50000
7500 1562.60000
7600 1562.50000
7700 1562.50000
7800 1562.50000
7900 1562.50000
8000 2087.20000
8100 1563.90000
8200 0.00000
8300 1562.60000
8400 1562.60000
8500 1562.60000
8600 1608.30000
8700 1606.20000
8800 1563.90000
8900 1562.60000
9000 2792.70000
9100 1600.10000
9200 2000.20000
9300 2000.10000
9400 2000.20000
9500 1963.90000
9600 1562.50000
9700 1562.50000
9800 1562.30000
9900 1562.60000
10000 1561.50000
10100 2453.80000
10200 2398.80000
10300 2001.60000
10400 1998.40000
10500 2400.30000
10600 2400.10000
10700 2000.20000
10800 2400.10000
10900 2402.60000
11000 1999.00000
11100 2400.20000
11200 2400.10000
11300 2800.40000
11400 2799.80000
11500 1200.50000
11600 2800.10000
11700 2370.10000
11800 2943.30000
11900 2800.20000
12000 2768.90000
12100 1562.80000
12200 3927.40000
12300 3200.40000
12400 2398.50000
12500 2003.70000
12600 1562.60000
12700 3125.00000
12800 3125.00000
12900 3125.10000
13000 3125.00000
13100 1579.20000
13200 3221.10000
13300 3126.40000
13400 3125.00000
13500 1563.80000
13600 3125.30000
13700 4685.90000
13800 2829.40000
13900 3208.80000
14000 3126.40000
14100 3125.00000
14200 3125.10000
14300 3125.00000
14400 4687.60000
14500 3125.00000
14600 3125.00000
14700 5167.50000
14800 3200.30000
14900 3600.20000
15000 3600.30000
15100 4000.30000
15200 3201.00000
15300 3999.60000
15400 4000.40000
15500 4000.10000
15600 4000.30000
15700 3200.10000
15800 4000.30000
15900 4000.30000
16000 3600.10000
16100 4000.20000
16200 3350.50000
16300 3207.10000
16400 5611.00000
16500 4800.30000
16600 4000.10000
16700 3977.20000
16800 4687.40000
16900 3125.10000
17000 3125.00000
17100 4765.20000
17200 4687.60000
17300 4687.50000
17400 4687.60000
17500 6294.30000
17600 3969.00000
17700 4687.60000
17800 6164.10000
17900 4398.90000
18000 4800.40000
18100 4800.30000
18200 4400.30000
18300 4800.10000
18400 5201.70000
18500 4400.20000
18600 4802.60000
18700 4370.20000
18800 5201.80000
18900 5201.80000
19000 5199.00000
19100 5199.10000
19200 4801.50000
19300 5201.50000
19400 4798.90000
19500 5200.30000
19600 5684.00000
19700 6001.50000
19800 5999.20000
19900 5201.60000
20000 5999.00000
20100 4801.80000
20200 5199.00000
20300 6108.20000
20400 6008.40000
20500 5599.10000
20600 6001.60000
20700 5999.20000
20800 6001.50000
20900 6001.80000
21000 5601.70000
21100 6400.40000
21200 6000.40000
21300 5600.30000
21400 6399.10000
21500 6401.70000
21600 6400.10000
21700 6799.50000
21800 6401.70000
21900 6399.00000
22000 6401.90000
22100 6799.30000
22200 7201.80000
22300 6398.80000
22400 6801.80000
22500 6799.10000
22600 7200.60000
22700 7201.80000
22800 7199.20000
22900 6439.20000
23000 6313.30000
23100 6437.60000
23200 7201.80000
23300 7600.40000
23400 7200.70000
23500 7999.10000
23600 7600.70000
23700 7601.90000
23800 7999.30000
23900 8000.20000
24000 6779.00000
24100 7200.40000
24200 7999.20000
24300 7200.60000
24400 7200.30000
24500 8000.50000
24600 7999.80000
24700 8800.40000
24800 8001.80000
24900 8000.50000
25000 8000.50000
25100 7542.30000
25200 7812.70000
25300 8225.90000
25400 9514.20000
25500 8401.80000
25600 8000.60000
25700 8400.50000
25800 8000.30000
25900 8800.60000
26000 8399.10000
26100 8400.50000
26200 8799.30000
26300 9200.60000
26400 8400.50000
26500 8801.80000
26600 8400.70000
26700 8800.00000
26800 9202.10000
26900 9199.10000
27000 9602.00000
27100 8402.00000
27200 10399.40000
27300 8800.60000
27400 8800.50000
27500 8801.80000
27600 8400.60000
27700 9600.60000
27800 9600.60000
27900 9200.50000
28000 9600.60000
28100 9754.50000
28200 9893.50000
28300 7919.90000
28400 8258.00000
28500 7812.50000
28600 10271.00000
28700 9027.20000
28800 9294.70000
28900 10000.80000
29000 10000.80000
29100 9600.80000
29200 10400.50000
29300 10000.50000
29400 9999.10000
29500 10000.60000
29600 10000.80000
29700 11200.60000
29800 10400.70000
29900 10400.70000
30000 9783.50000
30100 11107.80000
30200 10403.60000
30300 11200.70000
30400 10803.40000
30500 10800.60000
30600 10890.40000
30700 10403.00000
30800 11199.60000
30900 10406.20000
31000 12772.60000
31100 12399.50000
31200 12400.90000
31300 10402.00000
31400 11600.80000
31500 12001.70000
31600 11598.30000
31700 12001.40000
31800 12399.40000
31900 12002.40000
32000 11600.10000
32100 12000.60000
32200 11200.60000
32300 11972.80000
32400 11600.70000
32500 11599.40000
32600 11999.40000
32700 11141.80000
32800 11593.80000
32900 12500.10000
33000 12498.70000
33100 11440.10000
33200 12459.70000
33300 11818.50000
33400 14080.70000
33500 12448.30000
33600 12866.10000
33700 12812.40000
33800 13020.30000
33900 13516.60000
34000 12581.60000
34100 14062.60000
34200 11817.00000
34300 13743.00000
34400 12926.30000
34500 14053.80000
34600 10738.20000
34700 12995.10000
34800 13512.60000
34900 13852.20000
35000 14000.00000
35100 14402.30000
35200 13999.00000
35300 14002.30000
35400 14001.00000
35500 14000.90000
35600 14000.90000
35700 13599.80000
35800 14002.30000
35900 14801.00000
36000 14400.90000
36100 14001.00000
36200 14799.50000
36300 16401.20000
36400 15202.20000
36500 15199.70000
36600 14400.10000
36700 14400.50000
36800 15626.00000
36900 14963.90000
37000 15460.20000
37100 15009.10000
37200 15261.00000
37300 15212.50000
37400 15060.50000
37500 15061.60000
37600 15259.30000
37700 15163.20000
37800 15310.40000
37900 15638.40000
38000 15761.00000
38100 15762.60000
38200 15661.40000
38300 15761.00000
38400 15712.50000
38500 15910.20000
38600 15762.20000
38700 15812.40000
38800 15761.10000
38900 16112.30000
39000 16358.80000
39100 16310.40000
39200 16522.90000
39300 16459.90000
39400 16428.30000
39500 16461.30000
39600 16612.00000
39700 16563.00000
39800 16616.00000
39900 16659.80000
40000 17015.90000
40100 17562.20000
40200 17163.10000
40300 17112.70000
40400 17112.10000
40500 17212.30000
40600 17112.30000
40700 17560.40000
40800 17414.80000
40900 17362.00000
41000 17717.60000
41100 18014.30000
41200 18360.10000
41300 18265.30000
41400 17861.70000
41500 18111.60000
41600 18263.00000
41700 18014.40000
41800 18312.40000
41900 18170.10000
42000 19313.50000
42100 19513.10000
42200 20259.20000
42300 19509.90000
42400 18657.30000
42500 18914.60000
42600 20554.70000
42700 19660.70000
42800 19018.50000
42900 19512.30000
43000 18012.40000
43100 18122.70000
43200 19463.60000
43300 19875.90000
43400 19607.20000
43500 19184.60000
43600 19764.20000
43700 19714.00000
43800 19815.30000
43900 20064.20000
44000 19902.60000
44100 20658.50000
44200 20359.60000
44300 20203.30000
44400 20706.20000
44500 21107.30000
44600 20801.30000
44700 20801.70000
44800 20003.60000
44900 20399.50000
45000 21075.50000
45100 21151.00000
45200 20801.40000
45300 21201.40000
45400 21201.30000
45500 22001.50000
45600 21200.30000
45700 22001.50000
45800 21201.20000
45900 20402.90000
46000 22002.90000
46100 21601.30000
46200 21601.00000
46300 20826.60000
46400 21652.50000
46500 23201.30000
46600 21601.40000
46700 22001.50000
46800 22801.20000
46900 24001.80000
47000 22802.80000
47100 22402.50000
47200 22994.60000
47300 24678.60000
47400 23863.60000
47500 24802.20000
47600 25201.70000
47700 24058.00000
47800 22400.10000
47900 23867.00000
48000 21533.50000
48100 23207.00000
48200 23165.10000
48300 23144.00000
48400 23849.80000
48500 23830.30000
48600 24001.10000
48700 23476.70000
48800 23156.70000
48900 23600.50000
49000 24004.10000
49100 24001.70000
49200 24001.10000
49300 24802.80000
49400 24401.70000
49500 24401.20000
49600 24002.70000
49700 24401.90000
49800 24402.00000
49900 25201.50000
50000 24797.50000
50100 25201.50000
50200 26401.70000
50300 24802.00000
50400 26000.70000
50500 25623.60000
50600 28802.00000
50700 27201.80000
50800 30401.90000
50900 29939.40000
51000 27070.40000
51100 27068.60000
51200 28772.90000
51300 26165.20000
51400 26424.30000
51500 26717.80000
51600 27218.20000
51700 26618.70000
51800 26468.20000
51900 26770.50000
52000 26743.50000
52100 26521.90000
52200 26867.00000
52300 27272.70000
52400 27214.70000
52500 27670.40000
52600 27568.50000
52700 30121.60000
52800 27521.80000
52900 27570.60000
53000 27668.60000
53100 27668.10000
53200 29220.10000
53300 30873.10000
53400 31471.80000
53500 33473.90000
53600 31672.80000
53700 30576.00000
53800 32626.40000
53900 29119.90000
54000 28917.90000
54100 29221.20000
54200 30973.70000
54300 29022.00000
54400 29170.60000
54500 29320.60000
54600 29070.90000
54700 29671.20000
54800 29816.10000
54900 29668.60000
55000 29321.20000
55100 29621.10000
55200 29721.80000
55300 30323.90000
55400 30470.60000
55500 30622.10000
55600 30271.40000
55700 31171.90000
55800 34529.40000
55900 33175.50000
56000 31222.00000
56100 30672.40000
56200 31020.00000
56300 32624.10000
56400 31773.20000
56500 31223.30000
56600 31472.80000
56700 31425.60000
56800 31322.90000
56900 32273.20000
57000 34274.30000
57100 34860.40000
57200 34983.70000
57300 35374.70000
57400 33390.90000
57500 36209.90000
57600 37260.10000
57700 34713.10000
57800 32732.80000
57900 32815.80000
58000 32521.60000
58100 32620.30000
58200 33342.00000
58300 32570.00000
58400 33207.90000
58500 33520.60000
58600 33600.80000
58700 33602.10000
58800 34001.80000
58900 34003.60000
59000 33603.50000
59100 35042.50000
59200 36845.30000
59300 36402.20000
59400 36405.40000
59500 37602.10000
59600 35602.30000
59700 34404.70000
59800 37203.70000
59900 36022.30000
60000 38030.00000
60100 36776.20000
60200 36677.60000
60300 35426.50000
60400 36575.80000
60500 36376.10000
60600 35827.00000
60700 36526.20000
60800 36122.10000
60900 35778.40000
61000 36029.20000
61100 36073.40000
61200 35976.90000
61300 36374.70000
61400 36123.80000
61500 37275.50000
61600 36923.80000
61700 37126.30000
61800 37127.70000
61900 37326.30000
62000 37081.90000
62100 37330.20000
62200 37127.10000
62300 37428.60000
62400 37428.80000
62500 38078.30000
62600 38024.60000
62700 38177.60000
62800 38185.00000
62900 38427.00000
63000 38280.60000
63100 38279.40000
63200 38178.60000
63300 38425.80000
63400 38875.20000
63500 39228.00000
63600 39128.30000
63700 39475.60000
63800 39276.10000
63900 39428.10000
64000 39477.70000
64100 39378.70000
64200 39878.70000
64300 39580.60000
64400 39977.40000
64500 39980.60000
64600 40478.50000
64700 40378.30000
64800 40628.10000
64900 40732.10000
65000 41078.70000
65100 40929.00000
65200 41428.90000
65300 41232.20000
65400 41480.10000
65500 40927.40000
65600 41628.70000
65700 41835.70000
65800 42079.40000
65900 42380.10000
66000 41930.30000
66100 42279.60000
66200 42230.00000
66300 42579.10000
66400 42430.50000
66500 42630.40000
66600 43681.20000
66700 45530.30000
66800 44382.90000
66900 47236.20000
67000 45030.60000
67100 43643.20000
67200 43684.60000
67300 44282.00000
67400 44081.20000
67500 44184.50000
67600 44780.30000
67700 45440.50000
67800 44687.90000
67900 45033.40000
68000 44979.60000
68100 44934.40000
68200 45036.20000
68300 45278.10000
68400 45531.00000
68500 45876.10000
68600 46735.00000
68700 45782.50000
68800 44976.70000
68900 47486.30000
69000 46875.50000
69100 48437.90000
69200 45313.20000
69300 46875.50000
69400 46875.40000
69500 48438.00000
69600 46875.40000
69700 46875.50000
69800 50000.40000
69900 48436.60000
70000 49256.50000
70100 47748.30000
70200 46536.80000
70300 50000.40000
70400 49914.60000
70500 48114.30000
70600 50000.40000
70700 51561.80000
70800 46877.00000
70900 51561.60000
71000 50135.60000
71100 51563.00000
71200 50000.40000
71300 48438.00000
71400 54688.20000
71500 56250.40000
71600 51562.80000
71700 51563.00000
71800 53124.20000
71900 51564.20000
72000 51563.00000
72100 50000.60000
72200 51562.90000
72300 50000.50000
72400 51561.80000
72500 51564.10000
72600 51563.00000
72700 53125.70000
72800 53124.10000
72900 51564.40000
73000 51562.90000
73100 53125.50000
73200 54688.00000
73300 53125.80000
73400 54688.00000
73500 54686.60000
73600 54689.40000
73700 54686.80000
73800 54687.90000
73900 54689.20000
74000 54688.00000
74100 54688.20000
74200 53124.40000
74300 53126.80000
74400 53124.20000
74500 56250.50000
74600 54689.60000
74700 56250.40000
74800 56250.50000
74900 56250.60000
75000 56250.60000
75100 56250.60000
75200 56250.50000
75300 56250.60000
75400 57813.00000
75500 56250.60000
75600 57812.90000
75700 59374.20000
75800 57814.60000
75900 60936.60000
76000 60938.10000
76100 57814.30000
76200 59375.50000
76300 59375.70000
76400 60938.00000
76500 60938.10000
76600 59375.60000
76700 59375.30000
76800 62500.60000
76900 62500.60000
77000 62500.60000
77100 62500.60000
77200 62499.40000
77300 46875.80000
77400 59733.40000
77500 60938.10000
77600 62500.60000
77700 62490.80000
77800 64870.00000
77900 62500.40000
78000 62500.60000
78100 64063.10000
78200 64063.20000
78300 62500.60000
78400 64061.70000
78500 62502.10000
78600 62500.70000
78700 65625.50000
78800 65625.70000
78900 70313.20000
79000 65625.40000
79100 65625.60000
79200 65625.50000
79300 65625.70000
79400 65625.60000
79500 65625.60000
79600 67188.10000
79700 67186.80000
79800 68738.80000
79900 70859.90000
80000 67652.30000
80100 71063.40000
80200 67569.40000
80300 70313.20000
80400 67187.00000
80500 70314.40000
80600 67188.20000
80700 71874.40000
80800 69565.00000
80900 71147.90000
81000 69856.80000
81100 69283.40000
81200 70794.90000
81300 73496.20000
81400 72804.90000
81500 69891.50000
81600 71723.50000
81700 72685.80000
81800 70316.10000
81900 70313.40000
82000 76488.60000
82100 71447.80000
82200 70782.80000
82300 73541.10000
82400 73952.40000
82500 73509.10000
82600 73438.40000
82700 72605.00000
82800 73438.20000
82900 70311.80000
83000 73436.70000
83100 74671.90000
83200 77203.80000
83300 74622.40000
83400 74012.70000
83500 72288.70000
83600 75000.70000
83700 74052.50000
83800 75447.50000
83900 76186.30000
84000 76193.20000
84100 75689.90000
84200 77181.00000
84300 74952.80000
84400 75000.80000
84500 78897.80000
84600 77469.30000
84700 76563.20000
84800 74225.20000
84900 77536.30000
85000 78125.80000
85100 78125.70000
85200 78125.60000
85300 78126.10000
85400 78125.70000
85500 78125.60000
85600 76563.30000
85700 79687.00000
85800 78127.00000
85900 78126.00000
86000 78124.40000
86100 81252.20000
86200 79688.20000
86300 79688.10000
86400 81477.80000
86500 80543.70000
86600 81250.80000
86700 82813.40000
86800 81250.60000
86900 79688.30000
87000 79688.30000
87100 81250.90000
87200 85938.30000
87300 79688.20000
87400 84375.90000
87500 81250.80000
87600 82813.20000
87700 82813.60000
87800 84375.50000
87900 84375.90000
88000 82813.20000
88100 85122.90000
88200 82813.30000
88300 85938.30000
88400 85938.50000
88500 87500.90000
88600 82813.00000
88700 85938.30000
88800 84375.70000
88900 85938.50000
89000 85938.10000
89100 87499.50000
89200 86705.80000
89300 87500.80000
89400 85938.90000
89500 84376.50000
89600 85937.10000
89700 85939.60000
89800 85938.20000
89900 85938.60000
90000 85937.10000
90100 89064.60000
90200 89063.40000
90300 89063.30000
90400 87500.80000
90500 87499.60000
90600 89112.30000
90700 88393.50000
90800 96853.70000
90900 89257.70000
91000 92776.80000
91100 93206.10000
91200 92698.10000
91300 93013.60000
91400 86984.00000
91500 89958.70000
91600 89063.30000
91700 95248.90000
91800 90645.90000
91900 90835.00000
92000 89026.80000
92100 89611.50000
92200 91042.40000
92300 92688.20000
92400 94459.00000
92500 93045.10000
92600 90625.90000
92700 93751.00000
92800 93750.90000
92900 90625.80000
93000 93750.80000
93100 93749.60000
93200 95314.80000
93300 93750.80000
93400 93751.00000
93500 95314.80000
93600 95313.40000
93700 95313.30000
93800 95411.10000
93900 96081.60000
94000 93752.40000
94100 93750.90000
94200 96875.80000
94300 98438.50000
94400 95313.40000
94500 96875.70000
94600 96875.90000
94700 98438.60000
94800 96875.90000
94900 95313.50000
95000 98438.40000
95100 95313.20000
95200 96875.80000
95300 98438.60000
95400 98438.40000
95500 98438.50000
95600 99999.90000
95700 100002.00000
95800 96875.80000
95900 100000.90000
96000 98438.40000
96100 100000.70000
96200 96877.20000
96300 101562.10000
96400 101564.90000
96500 101563.50000
96600 97834.90000
96700 100001.10000
96800 99697.90000
96900 100000.70000
97000 101563.60000
97100 106250.90000
97200 101563.40000
97300 104736.80000
97400 104577.60000
97500 103125.80000
97600 104688.70000
97700 104688.40000
97800 105830.00000
97900 106248.10000
98000 104715.70000
98100 103125.90000
98200 103125.90000
98300 106249.70000
98400 104689.70000
98500 105544.70000
98600 100002.60000
98700 104689.80000
98800 107710.40000
98900 104688.60000
99000 106250.90000
99100 106250.90000
99200 106249.60000
99300 109376.10000
99400 109377.40000
99500 109376.20000
99600 110229.00000
99700 109376.00000
99800 109376.10000
99900 109377.30000
100000 109376.10000
