100 54
200 128
300 209
400 297
500 385
600 478
700 574
800 673
900 771
1000 871
1100 973
1200 1080
1300 1181
1400 1292
1500 1394
1600 1506
1700 1616
1800 1722
1900 1831
2000 1941
2100 2054
2200 2162
2300 2281
2400 2397
2500 2509
2600 2625
2700 2744
2800 2860
2900 2978
3000 3090
3100 3212
3200 3329
3300 3446
3400 3569
3500 3687
3600 3806
3700 3926
3800 4048
3900 4164
4000 4285
4100 4403
4200 4530
4300 4653
4400 4770
4500 4904
4600 5031
4700 5152
4800 5280
4900 5402
5000 5521
5100 5650
5200 5772
5300 5900
5400 6028
5500 6156
5600 6283
5700 6412
5800 6537
5900 6663
6000 6784
6100 6910
6200 7045
6300 7174
6400 7300
6500 7434
6600 7557
6700 7682
6800 7816
6900 7945
7000 8076
7100 8200
7200 8333
7300 8453
7400 8589
7500 8716
7600 8846
7700 8980
7800 9107
7900 9239
8000 9367
8100 9494
8200 9631
8300 9759
8400 9899
8500 10034
8600 10166
8700 10300
8800 10433
8900 10565
9000 10692
9100 10829
9200 10966
9300 11102
9400 11238
9500 11368
9600 11511
9700 11643
9800 11783
9900 11910
10000 12051
10100 12180
10200 12316
10300 12458
10400 12588
10500 12722
10600 12854
10700 12994
10800 13135
10900 13268
11000 13409
11100 13543
11200 13675
11300 13806
11400 13941
11500 14072
11600 14224
11700 14356
11800 14488
11900 14623
12000 14773
12100 14892
12200 15033
12300 15169
12400 15313
12500 15457
12600 15587
12700 15729
12800 15876
12900 16003
13000 16144
13100 16297
13200 16419
13300 16559
13400 16701
13500 16837
13600 16978
13700 17117
13800 17265
13900 17393
14000 17536
14100 17669
14200 17811
14300 17939
14400 18091
14500 18219
14600 18368
14700 18512
14800 18641
14900 18784
15000 18926
15100 19062
15200 19200
15300 19341
15400 19497
15500 19623
15600 19768
15700 19917
15800 20045
15900 20186
16000 20328
16100 20480
16200 20607
16300 20753
16400 20890
16500 21025
16600 21179
16700 21320
16800 21465
16900 21615
17000 21754
17100 21898
17200 22042
17300 22188
17400 22329
17500 22483
17600 22610
17700 22769
17800 22894
17900 23035
18000 23184
18100 23329
18200 23478
18300 23626
18400 23762
18500 23916
18600 24060
18700 24210
18800 24350
18900 24482
19000 24649
19100 24782
19200 24918
19300 25068
19400 25212
19500 25354
19600 25512
19700 25651
19800 25796
19900 25931
20000 26093
20100 26221
20200 26377
20300 26515
20400 26666
20500 26816
20600 26964
20700 27096
20800 27240
20900 27391
21000 27534
21100 27683
21200 27832
21300 27977
21400 28118
21500 28272
21600 28407
21700 28554
21800 28708
21900 28873
22000 28996
22100 29141
22200 29291
22300 29436
22400 29585
22500 29730
22600 29878
22700 30021
22800 30156
22900 30321
23000 30462
23100 30606
23200 30760
23300 30897
23400 31057
23500 31197
23600 31342
23700 31487
23800 31636
23900 31764
24000 31919
24100 32072
24200 32217
24300 32360
24400 32501
24500 32659
24600 32811
24700 32957
24800 33104
24900 33257
25000 33398
25100 33561
25200 33696
25300 33860
25400 33996
25500 34139
25600 34297
25700 34434
25800 34594
25900 34729
26000 34889
26100 35029
26200 35188
26300 35347
26400 35487
26500 35631
26600 35790
26700 35945
26800 36080
26900 36225
27000 36384
27100 36522
27200 36673
27300 36830
27400 36966
27500 37141
27600 37287
27700 37423
27800 37576
27900 37731
28000 37872
28100 38017
28200 38173
28300 38315
28400 38468
28500 38627
28600 38788
28700 38924
28800 39082
28900 39221
29000 39371
29100 39528
29200 39678
29300 39833
29400 39968
29500 40116
29600 40263
29700 40426
29800 40569
29900 40725
30000 40871
30100 41028
30200 41168
30300 41292
30400 41447
30500 41594
30600 41721
30700 41884
30800 42038
30900 42190
31000 42344
31100 42505
31200 42656
31300 42802
31400 42955
31500 43104
31600 43262
31700 43416
31800 43558
31900 43696
32000 43835
32100 43994
32200 44157
32300 44301
32400 44442
32500 44592
32600 44748
32700 44898
32800 45075
32900 45213
33000 45366
33100 45522
33200 45665
33300 45824
33400 45991
33500 46128
33600 46281
33700 46447
33800 46586
33900 46747
34000 46898
34100 47041
34200 47209
34300 47357
34400 47518
34500 47665
34600 47808
34700 47989
34800 48137
34900 48280
35000 48439
35100 48581
35200 48736
35300 48902
35400 49042
35500 49206
35600 49353
35700 49502
35800 49669
35900 49830
36000 49992
36100 50141
36200 50301
36300 50451
36400 50591
36500 50742
36600 50914
36700 51060
36800 51197
36900 51361
37000 51546
37100 51682
37200 51846
37300 52009
37400 52146
37500 52320
37600 52452
37700 52621
37800 52783
37900 52922
38000 53087
38100 53233
38200 53382
38300 53527
38400 53709
38500 53822
38600 54000
38700 54161
38800 54326
38900 54476
39000 54630
39100 54789
39200 54945
39300 55092
39400 55229
39500 55409
39600 55556
39700 55701
39800 55870
39900 56019
40000 56182
40100 56338
40200 56489
40300 56650
40400 56792
40500 56948
40600 57095
40700 57247
40800 57413
40900 57567
41000 57699
41100 57880
41200 58043
41300 58212
41400 58333
41500 58523
41600 58675
41700 58804
41800 58956
41900 59138
42000 59286
42100 59438
42200 59603
42300 59765
42400 59906
42500 60054
42600 60219
42700 60386
42800 60535
42900 60702
43000 60851
43100 61008
43200 61158
43300 61315
43400 61471
43500 61616
43600 61784
43700 61939
43800 62092
43900 62247
44000 62403
44100 62577
44200 62720
44300 62875
44400 63042
44500 63194
44600 63345
44700 63502
44800 63648
44900 63827
45000 63971
45100 64133
45200 64271
45300 64449
45400 64609
45500 64741
45600 64882
45700 65047
45800 65213
45900 65367
46000 65501
46100 65683
46200 65841
46300 65977
46400 66139
46500 66313
46600 66460
46700 66630
46800 66788
46900 66955
47000 67120
47100 67273
47200 67423
47300 67565
47400 67715
47500 67870
47600 68028
47700 68192
47800 68335
47900 68489
48000 68626
48100 68821
48200 68983
48300 69110
48400 69293
48500 69442
48600 69594
48700 69764
48800 69912
48900 70109
49000 70247
49100 70396
49200 70569
49300 70711
49400 70869
49500 71031
49600 71182
49700 71335
49800 71522
49900 71665
50000 71829
50100 71979
50200 72124
50300 72287
50400 72450
50500 72591
50600 72760
50700 72906
50800 73082
50900 73237
51000 73394
51100 73550
51200 73715
51300 73869
51400 74032
51500 74173
51600 74349
51700 74499
51800 74651
51900 74850
52000 75000
52100 75151
52200 75326
52300 75463
52400 75614
52500 75791
52600 75937
52700 76094
52800 76258
52900 76420
53000 76587
53100 76725
53200 76885
53300 77078
53400 77230
53500 77363
53600 77556
53700 77691
53800 77853
53900 78007
54000 78175
54100 78337
54200 78468
54300 78645
54400 78809
54500 78969
54600 79098
54700 79242
54800 79399
54900 79588
55000 79734
55100 79886
55200 80072
55300 80232
55400 80407
55500 80554
55600 80701
55700 80874
55800 81008
55900 81185
56000 81324
56100 81501
56200 81652
56300 81819
56400 81969
56500 82132
56600 82285
56700 82435
56800 82584
56900 82743
57000 82896
57100 83074
57200 83246
57300 83373
57400 83544
57500 83708
57600 83865
57700 84046
57800 84194
57900 84352
58000 84540
58100 84697
58200 84850
58300 84988
58400 85189
58500 85318
58600 85466
58700 85648
58800 85804
58900 85968
59000 86104
59100 86256
59200 86421
59300 86590
59400 86738
59500 86895
59600 87060
59700 87216
59800 87391
59900 87531
60000 87705
60100 87862
60200 88024
60300 88195
60400 88353
60500 88498
60600 88684
60700 88841
60800 89000
60900 89143
61000 89299
61100 89478
61200 89607
61300 89778
61400 89930
61500 90134
61600 90276
61700 90397
61800 90590
61900 90751
62000 90892
62100 91057
62200 91222
62300 91373
62400 91548
62500 91681
62600 91865
62700 92005
62800 92158
62900 92330
63000 92503
63100 92683
63200 92837
63300 93002
63400 93173
63500 93298
63600 93471
63700 93619
63800 93790
63900 93963
64000 94132
64100 94273
64200 94429
64300 94600
64400 94755
64500 94895
64600 95037
64700 95207
64800 95377
64900 95541
65000 95687
65100 95850
65200 96031
65300 96184
65400 96336
65500 96489
65600 96659
65700 96826
65800 96990
65900 97168
66000 97325
66100 97516
66200 97628
66300 97790
66400 97953
66500 98136
66600 98321
66700 98476
66800 98615
66900 98791
67000 98948
67100 99125
67200 99277
67300 99460
67400 99619
67500 99785
67600 99954
67700 100107
67800 100267
67900 100461
68000 100602
68100 100750
68200 100935
68300 101093
68400 101251
68500 101425
68600 101580
68700 101721
68800 101890
68900 102078
69000 102253
69100 102411
69200 102506
69300 102720
69400 102899
69500 103045
69600 103224
69700 103386
69800 103571
69900 103722
70000 103861
70100 104031
70200 104227
70300 104371
70400 104532
70500 104722
70600 104875
70700 105043
70800 105206
70900 105355
71000 105535
71100 105678
71200 105831
71300 106027
71400 106196
71500 106342
71600 106521
71700 106663
71800 106856
71900 107000
72000 107146
72100 107317
72200 107511
72300 107656
72400 107805
72500 107998
72600 108136
72700 108313
72800 108490
72900 108624
73000 108799
73100 108969
73200 109131
73300 109297
73400 109479
73500 109648
73600 109801
73700 109943
73800 110146
73900 110302
74000 110460
74100 110617
74200 110770
74300 110958
74400 111119
74500 111277
74600 111433
74700 111592
74800 111754
74900 111919
75000 112075
75100 112290
75200 112415
75300 112588
75400 112770
75500 112916
75600 113094
75700 113245
75800 113406
75900 113585
76000 113785
76100 113918
76200 114073
76300 114216
76400 114453
76500 114587
76600 114724
76700 114896
76800 115032
76900 115216
77000 115385
77100 115561
77200 115723
77300 115871
77400 116052
77500 116250
77600 116402
77700 116560
77800 116721
77900 116885
78000 117008
78100 117203
78200 117361
78300 117540
78400 117704
78500 117888
78600 118023
78700 118192
78800 118371
78900 118547
79000 118673
79100 118848
79200 119028
79300 119222
79400 119326
79500 119532
79600 119700
79700 119848
79800 119995
79900 120186
80000 120327
80100 120517
80200 120670
80300 120825
80400 121016
80500 121194
80600 121356
80700 121471
80800 121679
80900 121839
81000 121998
81100 122139
81200 122333
81300 122468
81400 122640
81500 122808
81600 122986
81700 123125
81800 123309
81900 123479
82000 123633
82100 123781
82200 124000
82300 124150
82400 124274
82500 124460
82600 124658
82700 124809
82800 124969
82900 125114
83000 125289
83100 125481
83200 125631
83300 125788
83400 125945
83500 126145
83600 126285
83700 126472
83800 126649
83900 126776
84000 126985
84100 127117
84200 127300
84300 127444
84400 127613
84500 127812
84600 127964
84700 128118
84800 128248
84900 128459
85000 128658
85100 128779
85200 128974
85300 129135
85400 129290
85500 129427
85600 129658
85700 129783
85800 129985
85900 130136
86000 130300
86100 130484
86200 130614
86300 130771
86400 130987
86500 131150
86600 131280
86700 131420
86800 131612
86900 131764
87000 131950
87100 132108
87200 132286
87300 132428
87400 132631
87500 132768
87600 132933
87700 133097
87800 133274
87900 133432
88000 133580
88100 133770
88200 133919
88300 134104
88400 134258
88500 134430
88600 134596
88700 134787
88800 134935
88900 135081
89000 135255
89100 135467
89200 135593
89300 135766
89400 135944
89500 136094
89600 136265
89700 136435
89800 136595
89900 136751
90000 136920
90100 137087
90200 137245
90300 137406
90400 137580
90500 137735
90600 137940
90700 138103
90800 138265
90900 138440
91000 138591
91100 138728
91200 138967
91300 139108
91400 139240
91500 139397
91600 139567
91700 139758
91800 139917
91900 140083
92000 140285
92100 140421
92200 140628
92300 140775
92400 140951
92500 141053
92600 141253
92700 141453
92800 141572
92900 141743
93000 141921
93100 142076
93200 142264
93300 142413
93400 142594
93500 142773
93600 142937
93700 143056
93800 143245
93900 143452
94000 143608
94100 143751
94200 143916
94300 144108
94400 144255
94500 144410
94600 144568
94700 144735
94800 144903
94900 145074
95000 145248
95100 145415
95200 145584
95300 145760
95400 145909
95500 146092
95600 146241
95700 146419
95800 146608
95900 146721
96000 146922
96100 147090
96200 147265
96300 147398
96400 147582
96500 147761
96600 147932
96700 148101
96800 148257
96900 148417
97000 148582
97100 148741
97200 148929
97300 149093
97400 149253
97500 149427
97600 149583
97700 149761
97800 149907
97900 150067
98000 150249
98100 150434
98200 150591
98300 150795
98400 150919
98500 151131
98600 151259
98700 151402
98800 151610
98900 151726
99000 151910
99100 152105
99200 152267
99300 152435
99400 152605
99500 152741
99600 152940
99700 153135
99800 153300
99900 153453
100000 153628
