100 33
200 60
300 101
400 143
500 178
600 205
700 268
800 293
900 323
1000 369
1100 407
1200 442
1300 506
1400 515
1500 560
1600 617
1700 643
1800 683
1900 701
2000 760
2100 796
2200 838
2300 851
2400 916
2500 974
2600 960
2700 1019
2800 1076
2900 1088
3000 1130
3100 1170
3200 1192
3300 1231
3400 1285
3500 1316
3600 1352
3700 1435
3800 1425
3900 1495
4000 1496
4100 1513
4200 1537
4300 1587
4400 1630
4500 1670
4600 1743
4700 1753
4800 1754
4900 1787
5000 1842
5100 1904
5200 1970
5300 1946
5400 1967
5500 2030
5600 2065
5700 2052
5800 2166
5900 2181
6000 2182
6100 2175
6200 2238
6300 2246
6400 2356
6500 2422
6600 2386
6700 2430
6800 2496
6900 2494
7000 2534
7100 2612
7200 2673
7300 2609
7400 2690
7500 2678
7600 2750
7700 2777
7800 2831
7900 2787
8000 2933
8100 2946
8200 2945
8300 3020
8400 3028
8500 3094
8600 3072
8700 3085
8800 3146
8900 3214
9000 3188
9100 3274
9200 3295
9300 3219
9400 3325
9500 3353
9600 3362
9700 3461
9800 3462
9900 3509
10000 3550
10100 3576
10200 3629
10300 3674
10400 3640
10500 3791
10600 3726
10700 3768
10800 3838
10900 3884
11000 3872
11100 3926
11200 3912
11300 4044
11400 4029
11500 4029
11600 4025
11700 4112
11800 4174
11900 4248
12000 4226
12100 4304
12200 4296
12300 4292
12400 4288
12500 4411
12600 4474
12700 4458
12800 4527
12900 4507
13000 4500
13100 4633
13200 4656
13300 4671
13400 4735
13500 4714
13600 4717
13700 4855
13800 4864
13900 4883
14000 4926
14100 5026
14200 4999
14300 5032
14400 5059
14500 5081
14600 5041
14700 5107
14800 5099
14900 5227
15000 5217
15100 5329
15200 5344
15300 5331
15400 5402
15500 5469
15600 5587
15700 5579
15800 5513
15900 5593
16000 5604
16100 5743
16200 5621
16300 5732
16400 5807
16500 5733
16600 5839
16700 5897
16800 5852
16900 6008
17000 5992
17100 5958
17200 6075
17300 6020
17400 6093
17500 6142
17600 6109
17700 6190
17800 6206
17900 6305
18000 6268
18100 6327
18200 6465
18300 6466
18400 6488
18500 6422
18600 6550
18700 6581
18800 6501
18900 6679
19000 6707
19100 6691
19200 6726
19300 6722
19400 6838
19500 6799
19600 6886
19700 6765
19800 6958
19900 7000
20000 6968
20100 7054
20200 7051
20300 7049
20400 7090
20500 7222
20600 7289
20700 7195
20800 7408
20900 7363
21000 7403
21100 7440
21200 7426
21300 7495
21400 7531
21500 7578
21600 7595
21700 7568
21800 7635
21900 7642
22000 7719
22100 7748
22200 7884
22300 7709
22400 7875
22500 7884
22600 7960
22700 8019
22800 8068
22900 8005
23000 8001
23100 8183
23200 8204
23300 8163
23400 8218
23500 8243
23600 8424
23700 8320
23800 8210
23900 8416
24000 8455
24100 8564
24200 8529
24300 8402
24400 8548
24500 8583
24600 8647
24700 8683
24800 8576
24900 8759
25000 8801
25100 8793
25200 8793
25300 8685
25400 8982
25500 8990
25600 8829
25700 9030
25800 9118
25900 9152
26000 9262
26100 9105
26200 9185
26300 9119
26400 9399
26500 9259
26600 9472
26700 9269
26800 9537
26900 9463
27000 9470
27100 9491
27200 9609
27300 9596
27400 9706
27500 9697
27600 9666
27700 9741
27800 9901
27900 9886
28000 9807
28100 9887
28200 9948
28300 9986
28400 10014
28500 10006
28600 10091
28700 10197
28800 10321
28900 10210
29000 10176
29100 10367
29200 10329
29300 10352
29400 10395
29500 10316
29600 10573
29700 10523
29800 10456
29900 10555
30000 10618
30100 10693
30200 10671
30300 10685
30400 10938
30500 10746
30600 10811
30700 10822
30800 10919
30900 10809
31000 10880
31100 11068
31200 10991
31300 10964
31400 11059
31500 11202
31600 11348
31700 11142
31800 11232
31900 11229
32000 11310
32100 11256
32200 11240
32300 11433
32400 11376
32500 11628
32600 11474
32700 11678
32800 11619
32900 11765
33000 11730
33100 11458
33200 11832
33300 11815
33400 11965
33500 11975
33600 11978
33700 11839
33800 12123
33900 12091
34000 12112
34100 12058
34200 12250
34300 12318
34400 12181
34500 12281
34600 12413
34700 12379
34800 12402
34900 12489
35000 12321
35100 12640
35200 12455
35300 12600
35400 12588
35500 12734
35600 12593
35700 12677
35800 12787
35900 12747
36000 12672
36100 12878
36200 12818
36300 13058
36400 13036
36500 12997
36600 13185
36700 13067
36800 13147
36900 13211
37000 13118
37100 13311
37200 13310
37300 13490
37400 13260
37500 13427
37600 13516
37700 13443
37800 13683
37900 13805
38000 13736
38100 13531
38200 13752
38300 13877
38400 13789
38500 13862
38600 13931
38700 14010
38800 13938
38900 13974
39000 13931
39100 14005
39200 14076
39300 14091
39400 14108
39500 14089
39600 14230
39700 14321
39800 14423
39900 14336
40000 14230
40100 14368
40200 14525
40300 14483
40400 14708
40500 14562
40600 14569
40700 14590
40800 14710
40900 14828
41000 14598
41100 14873
41200 14862
41300 14917
41400 15059
41500 14894
41600 14901
41700 15071
41800 15197
41900 15289
42000 15228
42100 15248
42200 15378
42300 15071
42400 15249
42500 15240
42600 15348
42700 15298
42800 15325
42900 15548
43000 15432
43100 15419
43200 15570
43300 15721
43400 15639
43500 15651
43600 15968
43700 15780
43800 15556
43900 15856
44000 15955
44100 16074
44200 15901
44300 15983
44400 16024
44500 16172
44600 16229
44700 16203
44800 16327
44900 16308
45000 16003
45100 16312
45200 16288
45300 16330
45400 16538
45500 16355
45600 16731
45700 16657
45800 16710
45900 16736
46000 16803
46100 16676
46200 16985
46300 16720
46400 16953
46500 16898
46600 17057
46700 17032
46800 16994
46900 17103
47000 17296
47100 17347
47200 17333
47300 17180
47400 17429
47500 17302
47600 17426
47700 17489
47800 17409
47900 17517
48000 17584
48100 17568
48200 17573
48300 17724
48400 17548
48500 17782
48600 17652
48700 17779
48800 17886
48900 17907
49000 18072
49100 17890
49200 18148
49300 18020
49400 18003
49500 18224
49600 17971
49700 18324
49800 18137
49900 18474
50000 18342
50100 18215
50200 18428
50300 18508
50400 18536
50500 18775
50600 18549
50700 18656
50800 18588
50900 18553
51000 18653
51100 18914
51200 18800
51300 18883
51400 18842
51500 19170
51600 19260
51700 18880
51800 19265
51900 19195
52000 19227
52100 19383
52200 19181
52300 19407
52400 19317
52500 19242
52600 19236
52700 19367
52800 19576
52900 19602
53000 19646
53100 19807
53200 19780
53300 19681
53400 19889
53500 19791
53600 19963
53700 19965
53800 19957
53900 19781
54000 19918
54100 20030
54200 20275
54300 20165
54400 20237
54500 20248
54600 20049
54700 20474
54800 20473
54900 20491
55000 20269
55100 20344
55200 20652
55300 20504
55400 20692
55500 20766
55600 20180
55700 20581
55800 20794
55900 20703
56000 20766
56100 20744
56200 20799
56300 20870
56400 21086
56500 21139
56600 21066
56700 21035
56800 21312
56900 20962
57000 20839
57100 21365
57200 21231
57300 21246
57400 21585
57500 21561
57600 21527
57700 21460
57800 21497
57900 21667
58000 21675
58100 21941
58200 21864
58300 21557
58400 21828
58500 21969
58600 21871
58700 21971
58800 22066
58900 22042
59000 21912
59100 22191
59200 22105
59300 22248
59400 22165
59500 22384
59600 22362
59700 22320
59800 22126
59900 22342
60000 22696
60100 22654
60200 22767
60300 22406
60400 22771
60500 22617
60600 22993
60700 22873
60800 22693
60900 23015
61000 23028
61100 22993
61200 23013
61300 23030
61400 23227
61500 23143
61600 23153
61700 23033
61800 23432
61900 23198
62000 23065
62100 23260
62200 23167
62300 23735
62400 23574
62500 23588
62600 23874
62700 23359
62800 23629
62900 23853
63000 23887
63100 23709
63200 23990
63300 23804
63400 23791
63500 24134
63600 24091
63700 23998
63800 24237
63900 24284
64000 24112
64100 24501
64200 24224
64300 24215
64400 24446
64500 24527
64600 24414
64700 24287
64800 24075
64900 24642
65000 24694
65100 24547
65200 24643
65300 24986
65400 24971
65500 24624
65600 24502
65700 24614
65800 24652
65900 24725
66000 24902
66100 25157
66200 25264
66300 25056
66400 25335
66500 25238
66600 25373
66700 25318
66800 25658
66900 25216
67000 25143
67100 25712
67200 25544
67300 25763
67400 25648
67500 25358
67600 25292
67700 25773
67800 25902
67900 25915
68000 25858
68100 25878
68200 25890
68300 25799
68400 26054
68500 26322
68600 26078
68700 26053
68800 26341
68900 26215
69000 26322
69100 26209
69200 26314
69300 26401
69400 26215
69500 26558
69600 26644
69700 26669
69800 27062
69900 26637
70000 26857
70100 26987
70200 26872
70300 26667
70400 27071
70500 27090
70600 26939
70700 27007
70800 27238
70900 26913
71000 27332
71100 27371
71200 27187
71300 27218
71400 27450
71500 27278
71600 27524
71700 27551
71800 27237
71900 27535
72000 27316
72100 27645
72200 27523
72300 27849
72400 27850
72500 28139
72600 28086
72700 27983
72800 27880
72900 28221
73000 28049
73100 27925
73200 28179
73300 27901
73400 28444
73500 28098
73600 28353
73700 28426
73800 28145
73900 28427
74000 28425
74100 28386
74200 28424
74300 28481
74400 28821
74500 28608
74600 28610
74700 28847
74800 28833
74900 29235
75000 28648
75100 28935
75200 28981
75300 29301
75400 28918
75500 29340
75600 29012
75700 28984
75800 29213
75900 29294
76000 29617
76100 29419
76200 29504
76300 29497
76400 29507
76500 29412
76600 29722
76700 29215
76800 29677
76900 29682
77000 29861
77100 30030
77200 29777
77300 29831
77400 30003
77500 30228
77600 29867
77700 30226
77800 30217
77900 30142
78000 30427
78100 30169
78200 30153
78300 30542
78400 30224
78500 30297
78600 30049
78700 30791
78800 30349
78900 30603
79000 30649
79100 30410
79200 30332
79300 30869
79400 30707
79500 30694
79600 30610
79700 30924
79800 31127
79900 30931
80000 31041
80100 31365
80200 31170
80300 31137
80400 31103
80500 30959
80600 31502
80700 31739
80800 31438
80900 31711
81000 31502
81100 31754
81200 31432
81300 31765
81400 31773
81500 31270
81600 31398
81700 31999
81800 31723
81900 32025
82000 32055
82100 32059
82200 32220
82300 32330
82400 32436
82500 31795
82600 32529
82700 32091
82800 32163
82900 32290
83000 32256
83100 32220
83200 32781
83300 32785
83400 32335
83500 32578
83600 32728
83700 32966
83800 32767
83900 32860
84000 32786
84100 32845
84200 33202
84300 32944
84400 32849
84500 32966
84600 33102
84700 33206
84800 33274
84900 33447
85000 33519
85100 33488
85200 33093
85300 33740
85400 33202
85500 33417
85600 33788
85700 33640
85800 33361
85900 33565
86000 33346
86100 34070
86200 33875
86300 33553
86400 33644
86500 34262
86600 34166
86700 33821
86800 33976
86900 34395
87000 33895
87100 34126
87200 34023
87300 34154
87400 34411
87500 34481
87600 34198
87700 34037
87800 34190
87900 34649
88000 34493
88100 34889
88200 34283
88300 34784
88400 35079
88500 34615
88600 35139
88700 34970
88800 34873
88900 34667
89000 35241
89100 35043
89200 35156
89300 35361
89400 34882
89500 35571
89600 35608
89700 35180
89800 35575
89900 35209
90000 35418
90100 35639
90200 35857
90300 35552
90400 35844
90500 35442
90600 35595
90700 35733
90800 35718
90900 35725
91000 35440
91100 36101
91200 36207
91300 36083
91400 36156
91500 36223
91600 36266
91700 35977
91800 36007
91900 36286
92000 36532
92100 36352
92200 36314
92300 36173
92400 36858
92500 36590
92600 36567
92700 36775
92800 36094
92900 37099
93000 36620
93100 36481
93200 36748
93300 36936
93400 36938
93500 37009
93600 36895
93700 37233
93800 36920
93900 37735
94000 37219
94100 36987
94200 37341
94300 37294
94400 37097
94500 37248
94600 37784
94700 37827
94800 37776
94900 37599
95000 37894
95100 38167
95200 37461
95300 37831
95400 37960
95500 37612
95600 37947
95700 38050
95800 37875
95900 37751
96000 38207
96100 38413
96200 38245
96300 38254
96400 38315
96500 37981
96600 38354
96700 38371
96800 38491
96900 38992
97000 38340
97100 38416
97200 38931
97300 38888
97400 38609
97500 39033
97600 38993
97700 38545
97800 38967
97900 38888
98000 39167
98100 39065
98200 39369
98300 39223
98400 39358
98500 39526
98600 39585
98700 39236
98800 39303
98900 39668
99000 39007
99100 39531
99200 39902
99300 39674
99400 39550
99500 39824
99600 39201
99700 40104
99800 39556
99900 40092
100000 40038
