100 74
200 153
300 244
400 348
500 441
600 555
700 637
800 794
900 856
1000 964
1100 1066
1200 1245
1300 1318
1400 1454
1500 1777
1600 1717
1700 1924
1800 2030
1900 2304
2000 2095
2100 2224
2200 2315
2300 2749
2400 2696
2500 2792
2600 3108
2700 3019
2800 2991
2900 3326
3000 3358
3100 3636
3200 3682
3300 3988
3400 3886
3500 3871
3600 4154
3700 4189
3800 4171
3900 4403
4000 4217
4100 4644
4200 4698
4300 4993
4400 5184
4500 5109
4600 4977
4700 5877
4800 5881
4900 5981
5000 5636
5100 6373
5200 5566
5300 6511
5400 6699
5500 6800
5600 6220
5700 6874
5800 6679
5900 6244
6000 7425
6100 7009
6200 7275
6300 8346
6400 7773
6500 7411
6600 8068
6700 7782
6800 7857
6900 8413
7000 9046
7100 8045
7200 7979
7300 8677
7400 8296
7500 9046
7600 9082
7700 9042
7800 8836
7900 10547
8000 8572
8100 8981
8200 9948
8300 9286
8400 9071
8500 9717
8600 10155
8700 10196
8800 10342
8900 9858
9000 10644
9100 12101
9200 10414
9300 13240
9400 12130
9500 11649
9600 11462
9700 11655
9800 11379
9900 12415
10000 12005
10100 12255
10200 12571
10300 13519
10400 12515
10500 11954
10600 12177
10700 12448
10800 12955
10900 12241
11000 14246
11100 13278
11200 14458
11300 12587
11400 13708
11500 13592
11600 15046
11700 14411
11800 13923
11900 13606
12000 15291
12100 13703
12200 15215
12300 14039
12400 16545
12500 14616
12600 14451
12700 15864
12800 14297
12900 15275
13000 15965
13100 15032
13200 15286
13300 16357
13400 16636
13500 18332
13600 17511
13700 16571
13800 15900
13900 17219
14000 16786
14100 16956
14200 17008
14300 17347
14400 17241
14500 18681
14600 20516
14700 17840
14800 20368
14900 18187
15000 18617
15100 19561
15200 17275
15300 19939
15400 18247
15500 19280
15600 17717
15700 17962
15800 20739
15900 19067
16000 19968
16100 19475
16200 20334
16300 20843
16400 20183
16500 20216
16600 20593
16700 20182
16800 23414
16900 19224
17000 20703
17100 21314
17200 22304
17300 22150
17400 21684
17500 21318
17600 24484
17700 21642
17800 23195
17900 21008
18000 22271
18100 20831
18200 20926
18300 21324
18400 22757
18500 25067
18600 22102
18700 22094
18800 26286
18900 21805
19000 22643
19100 23189
19200 23294
19300 25074
19400 24441
19500 24536
19600 22690
19700 27717
19800 24281
19900 24656
20000 26103
20100 24632
20200 24506
20300 25043
20400 25156
20500 24715
20600 26363
20700 24734
20800 23299
20900 24467
21000 25328
21100 24574
21200 26897
21300 25272
21400 25321
21500 26664
21600 25892
21700 27118
21800 26793
21900 26931
22000 27892
22100 29377
22200 25630
22300 32979
22400 28397
22500 27921
22600 26760
22700 25519
22800 26424
22900 29145
23000 29425
23100 26798
23200 28459
23300 28175
23400 28175
23500 30409
23600 26898
23700 29976
23800 33324
23900 27874
24000 29698
24100 27574
24200 27620
24300 33468
24400 30561
24500 30067
24600 30642
24700 29326
24800 32917
24900 29403
25000 29976
25100 31135
25200 34278
25300 35343
25400 31458
25500 30240
25600 33851
25700 30051
25800 30784
25900 30661
26000 29671
26100 33252
26200 31539
26300 35439
26400 29912
26500 33377
26600 30321
26700 34613
26800 30606
26900 32459
27000 33894
27100 33422
27200 31660
27300 35339
27400 31032
27500 32395
27600 34570
27700 32981
27800 31718
27900 33616
28000 38215
28100 36573
28200 33546
28300 33669
28400 35409
28500 36431
28600 36308
28700 33722
28800 31550
28900 36392
29000 36785
29100 33136
29200 37807
29300 40806
29400 37413
29500 37672
29600 34955
29700 35184
29800 39647
29900 37691
30000 36207
30100 36076
30200 37717
30300 38536
30400 34215
30500 38246
30600 37185
30700 39937
30800 37423
30900 40405
31000 41637
31100 36364
31200 39651
31300 41036
31400 39484
31500 37810
31600 36355
31700 41883
31800 38871
31900 41557
32000 41155
32100 42681
32200 42835
32300 40622
32400 40227
32500 39051
32600 42087
32700 39325
32800 40162
32900 39866
33000 41482
33100 47517
33200 39591
33300 41971
33400 38796
33500 39383
33600 41013
33700 44641
33800 40874
33900 40969
34000 42824
34100 44221
34200 41904
34300 43194
34400 43720
34500 41805
34600 41470
34700 43852
34800 42162
34900 42502
35000 47782
35100 43515
35200 44971
35300 43479
35400 43553
35500 41994
35600 45475
35700 46583
35800 42966
35900 46614
36000 49240
36100 45263
36200 47455
36300 42808
36400 42631
36500 47196
36600 43291
36700 46709
36800 46627
36900 46661
37000 48317
37100 44057
37200 44577
37300 43390
37400 49257
37500 47777
37600 43992
37700 48180
37800 45364
37900 43216
38000 45432
38100 50406
38200 45882
38300 44513
38400 46306
38500 46731
38600 46142
38700 45679
38800 47203
38900 49879
39000 49384
39100 49189
39200 52064
39300 49355
39400 51372
39500 54376
39600 49264
39700 47807
39800 47474
39900 48674
40000 53284
40100 50561
40200 47572
40300 50434
40400 46638
40500 51721
40600 51403
40700 52364
40800 50385
40900 50463
41000 54795
41100 51457
41200 50172
41300 51876
41400 48851
41500 54704
41600 55458
41700 51847
41800 49890
41900 48586
42000 49951
42100 55587
42200 51057
42300 57540
42400 64746
42500 56480
42600 56554
42700 55909
42800 59233
42900 54019
43000 55954
43100 60488
43200 59831
43300 53547
43400 59312
43500 57847
43600 51265
43700 60102
43800 61477
43900 60338
44000 54457
44100 54070
44200 58500
44300 57207
44400 58963
44500 56058
44600 57096
44700 55204
44800 54593
44900 54417
45000 61695
45100 59387
45200 59658
45300 62303
45400 56454
45500 61741
45600 54960
45700 56669
45800 55133
45900 57921
46000 56267
46100 58858
46200 55085
46300 62964
46400 56458
46500 59222
46600 56674
46700 60543
46800 59303
46900 60019
47000 56583
47100 56293
47200 58129
47300 61589
47400 58412
47500 60550
47600 57572
47700 56362
47800 63136
47900 62534
48000 59510
48100 59042
48200 61297
48300 58378
48400 64420
48500 60556
48600 64160
48700 63031
48800 60784
48900 63631
49000 58012
49100 62643
49200 61011
49300 61083
49400 66607
49500 59495
49600 67965
49700 60362
49800 65602
49900 59619
50000 63395
50100 66572
50200 63819
50300 63015
50400 62460
50500 59557
50600 65651
50700 66044
50800 65277
50900 64644
51000 67785
51100 60836
51200 64296
51300 67619
51400 66346
51500 59615
51600 59196
51700 66954
51800 61192
51900 63137
52000 63357
52100 62659
52200 67743
52300 61378
52400 70801
52500 67076
52600 72314
52700 66930
52800 63129
52900 65963
53000 65012
53100 63011
53200 65490
53300 69156
53400 65285
53500 68512
53600 64906
53700 68803
53800 66208
53900 69650
54000 66743
54100 69365
54200 64577
54300 65157
54400 65327
54500 69011
54600 71149
54700 64096
54800 65726
54900 64934
55000 71317
55100 74335
55200 65428
55300 69396
55400 68679
55500 67761
55600 82171
55700 70741
55800 72733
55900 72579
56000 70452
56100 71182
56200 72742
56300 73380
56400 70204
56500 70004
56600 73201
56700 83899
56800 68788
56900 81123
57000 86042
57100 72869
57200 73629
57300 73737
57400 70239
57500 69293
57600 72638
57700 76628
57800 73670
57900 71073
58000 71451
58100 68763
58200 72640
58300 78008
58400 75781
58500 77188
58600 74272
58700 75726
58800 74446
58900 74127
59000 77894
59100 72181
59200 78184
59300 74884
59400 75675
59500 73552
59600 72832
59700 77228
59800 82329
59900 76304
60000 71355
60100 75848
60200 72975
60300 80311
60400 72719
60500 76627
60600 70266
60700 75941
60800 81166
60900 74357
61000 74652
61100 76430
61200 75090
61300 74191
61400 74600
61500 78748
61600 77744
61700 85710
61800 72971
61900 80231
62000 86095
62100 77978
62200 85662
62300 72653
62400 78052
62500 78442
62600 72991
62700 87159
62800 81025
62900 76010
63000 77862
63100 83689
63200 80477
63300 82037
63400 84075
63500 77426
63600 78573
63700 82681
63800 78353
63900 79093
64000 83742
64100 75774
64200 82833
64300 88529
64400 79197
64500 89577
64600 87967
64700 85938
64800 93645
64900 79112
65000 79309
65100 83817
65200 84749
65300 77508
65400 80466
65500 92231
65600 97039
65700 94148
65800 89991
65900 91666
66000 85297
66100 84318
66200 80440
66300 87707
66400 82071
66500 87006
66600 82065
66700 84319
66800 80546
66900 96289
67000 96511
67100 81240
67200 85926
67300 81875
67400 87082
67500 91486
67600 96090
67700 84323
67800 87549
67900 85965
68000 89780
68100 84087
68200 90300
68300 93183
68400 85870
68500 83081
68600 91433
68700 90291
68800 94635
68900 88014
69000 86367
69100 92724
69200 93458
69300 92558
69400 92045
69500 91002
69600 85575
69700 86163
69800 80594
69900 89704
70000 85335
70100 91036
70200 87123
70300 92252
70400 87584
70500 91490
70600 97537
70700 90561
70800 87806
70900 94118
71000 85313
71100 93585
71200 96539
71300 94816
71400 88761
71500 91226
71600 89995
71700 94967
71800 102140
71900 95086
72000 95714
72100 93864
72200 103119
72300 95215
72400 91134
72500 87950
72600 89546
72700 90485
72800 93369
72900 88770
73000 92695
73100 100672
73200 95156
73300 101740
73400 88199
73500 97989
73600 94540
73700 89808
73800 105613
73900 98193
74000 95968
74100 100014
74200 97774
74300 97010
74400 94978
74500 96280
74600 99550
74700 95879
74800 93083
74900 90504
75000 99752
75100 100044
75200 93829
75300 90993
75400 99613
75500 92458
75600 97831
75700 106495
75800 99142
75900 95588
76000 92284
76100 99652
76200 97075
76300 97583
76400 106571
76500 100118
76600 96823
76700 108165
76800 101113
76900 106896
77000 93784
77100 97653
77200 100104
77300 97163
77400 96359
77500 92915
77600 105900
77700 96747
77800 96094
77900 111211
78000 97096
78100 101830
78200 100672
78300 95905
78400 110916
78500 103259
78600 109361
78700 94189
78800 115620
78900 102773
79000 105762
79100 108362
79200 109963
79300 98037
79400 102805
79500 102523
79600 108987
79700 107339
79800 100875
79900 106113
80000 104863
80100 97514
80200 102111
80300 102153
80400 107028
80500 111352
80600 104869
80700 96474
80800 101230
80900 97763
81000 103768
81100 101286
81200 114573
81300 101321
81400 101952
81500 111396
81600 113286
81700 101147
81800 104999
81900 99900
82000 107401
82100 101861
82200 99910
82300 99605
82400 100526
82500 117673
82600 97657
82700 113250
82800 111984
82900 109538
83000 109575
83100 114589
83200 105299
83300 100912
83400 109456
83500 105252
83600 103417
83700 102376
83800 107768
83900 105401
84000 109501
84100 108897
84200 104545
84300 107227
84400 114111
84500 111768
84600 108575
84700 110332
84800 106071
84900 106985
85000 103175
85100 106093
85200 111868
85300 103351
85400 113342
85500 110335
85600 105335
85700 105994
85800 117891
85900 110292
86000 123894
86100 102841
86200 109598
86300 118185
86400 114472
86500 102909
86600 106174
86700 119001
86800 119689
86900 106549
87000 123403
87100 110551
87200 114863
87300 111271
87400 111874
87500 110371
87600 117503
87700 121216
87800 116208
87900 114607
88000 118950
88100 108099
88200 121121
88300 113853
88400 108141
88500 116835
88600 110921
88700 110580
88800 113400
88900 120412
89000 110981
89100 112938
89200 114691
89300 109383
89400 117295
89500 107058
89600 107249
89700 117376
89800 111354
89900 120579
90000 115058
90100 114974
90200 112391
90300 119338
90400 115077
90500 119736
90600 117771
90700 123484
90800 118836
90900 118990
91000 125837
91100 115605
91200 110127
91300 114064
91400 114451
91500 116166
91600 117038
91700 122538
91800 125919
91900 125024
92000 117847
92100 123300
92200 122511
92300 123753
92400 111383
92500 119329
92600 119761
92700 115141
92800 137985
92900 114294
93000 126708
93100 131698
93200 125247
93300 125008
93400 121127
93500 116429
93600 128529
93700 116710
93800 125207
93900 113029
94000 123816
94100 124301
94200 125081
94300 122618
94400 128215
94500 124110
94600 117991
94700 117859
94800 117926
94900 124129
95000 119954
95100 113336
95200 132264
95300 129660
95400 122531
95500 134368
95600 123060
95700 121358
95800 129838
95900 132343
96000 127757
96100 118459
96200 119807
96300 121893
96400 121224
96500 137847
96600 123620
96700 126009
96800 126325
96900 118000
97000 137516
97100 131955
97200 125034
97300 123622
97400 126451
97500 121812
97600 123498
97700 142019
97800 135039
97900 131838
98000 122393
98100 127924
98200 121057
98300 126319
98400 126063
98500 119778
98600 121020
98700 130551
98800 128756
98900 127215
99000 141461
99100 132560
99200 120391
99300 130639
99400 132448
99500 130817
99600 139061
99700 120753
99800 139356
99900 129436
100000 125825
