100 0.00000
200 0.00000
300 0.00000
400 0.00000
500 0.00000
600 0.00000
700 0.00000
800 0.00000
900 0.00000
1000 0.00000
1100 0.00000
1200 0.00000
1300 0.00000
1400 0.00000
1500 1562.80000
1600 0.00000
1700 0.00000
1800 0.00000
1900 0.00000
2000 0.00000
2100 1563.80000
2200 0.00000
2300 0.00000
2400 0.00000
2500 0.00000
2600 0.00000
2700 0.00000
2800 0.00000
2900 0.00000
3000 1562.20000
3100 0.00000
3200 0.00000
3300 0.00000
3400 1562.40000
3500 0.00000
3600 0.00000
3700 1562.40000
3800 0.00000
3900 0.00000
4000 1562.70000
4100 0.00000
4200 1562.40000
4300 0.00000
4400 0.00000
4500 1562.50000
4600 0.00000
4700 1562.50000
4800 0.00000
4900 0.00000
5000 1562.60000
5100 0.00000
5200 1562.60000
5300 0.00000
5400 1562.50000
5500 0.00000
5600 1562.60000
5700 0.00000
5800 0.00000
5900 0.00000
6000 0.00000
6100 0.00000
6200 1562.50000
6300 0.00000
6400 1562.60000
6500 0.00000
6600 0.00000
6700 0.00000
6800 0.00000
6900 1562.50000
7000 1562.50000
7100 0.00000
7200 1562.50000
7300 1562.50000
7400 0.00000
7500 0.00000
7600 1562.40000
7700 0.00000
7800 1562.50000
7900 1562.50000
8000 0.00000
8100 1561.60000
8200 1563.60000
8300 1562.60000
8400 0.00000
8500 1562.30000
8600 1562.50000
8700 1562.50000
8800 0.00000
8900 1562.50000
9000 1562.50000
9100 1562.60000
9200 1562.40000
9300 1562.50000
9400 0.00000
9500 0.00000
9600 1562.50000
9700 1562.60000
9800 1562.40000
9900 1562.50000
10000 1562.80000
10100 0.00000
10200 1561.10000
10300 0.00000
10400 1562.50000
10500 1562.50000
10600 1562.60000
10700 1562.50000
10800 1562.60000
10900 1562.40000
11000 1562.60000
11100 1562.50000
11200 1562.50000
11300 0.00000
11400 1562.70000
11500 1562.30000
11600 1562.70000
11700 0.00000
11800 1562.80000
11900 0.00000
12000 1563.20000
12100 1561.80000
12200 1561.10000
12300 0.00000
12400 1561.30000
12500 1563.70000
12600 3124.90000
12700 1561.40000
12800 1563.70000
12900 1562.60000
13000 1562.60000
13100 1562.60000
13200 1562.30000
13300 1562.50000
13400 1562.50000
13500 1562.50000
13600 1562.50000
13700 0.00000
13800 3125.10000
13900 1562.60000
14000 1562.40000
14100 1562.50000
14200 3125.10000
14300 1562.50000
14400 0.00000
14500 3125.00000
14600 1562.50000
14700 1562.50000
14800 1562.50000
14900 1562.50000
15000 0.00000
15100 3125.00000
15200 1562.60000
15300 1562.50000
15400 3125.00000
15500 1562.60000
15600 0.00000
15700 3125.10000
15800 1562.50000
15900 3125.00000
16000 1562.70000
16100 1562.30000
16200 3125.00000
16300 1562.70000
16400 3124.90000
16500 1562.50000
16600 1562.60000
16700 1562.40000
16800 3125.10000
16900 1562.50000
17000 3125.10000
17100 1562.50000
17200 3125.00000
17300 1562.50000
17400 3125.00000
17500 1562.60000
17600 3125.00000
17700 3123.60000
17800 1563.90000
17900 1561.90000
18000 1563.00000
18100 3125.20000
18200 3124.90000
18300 1562.60000
18400 1562.40000
18500 0.00000
18600 3125.00000
18700 3125.10000
18800 1562.40000
18900 3125.30000
19000 0.00000
19100 1562.50000
19200 1562.60000
19300 3125.00000
19400 3125.00000
19500 1562.50000
19600 3125.00000
19700 3125.10000
19800 1562.50000
19900 1562.40000
20000 3125.10000
20100 1562.50000
20200 3125.10000
20300 3125.00000
20400 0.00000
20500 1562.60000
20600 3124.80000
20700 3125.20000
20800 3124.80000
20900 1562.50000
21000 1562.60000
21100 1562.50000
21200 1562.40000
21300 3125.10000
21400 1562.60000
21500 3125.00000
21600 3125.00000
21700 3125.00000
21800 3125.00000
21900 1562.50000
22000 3125.00000
22100 3125.00000
22200 3125.00000
22300 3125.20000
22400 3125.00000
22500 3123.70000
22600 3124.90000
22700 3126.40000
22800 3125.00000
22900 3125.10000
23000 1562.40000
23100 3125.50000
23200 3124.60000
23300 3125.00000
23400 3125.00000
23500 3125.10000
23600 3125.00000
23700 3125.00000
23800 3125.00000
23900 4687.60000
24000 1562.50000
24100 3125.00000
24200 3125.00000
24300 3125.00000
24400 4687.60000
24500 3125.00000
24600 1562.60000
24700 1562.50000
24800 3125.00000
24900 4687.60000
25000 3124.90000
25100 3125.10000
25200 3125.00000
25300 3125.10000
25400 4687.40000
25500 3125.10000
25600 3125.10000
25700 3125.00000
25800 3125.10000
25900 3125.30000
26000 3124.80000
26100 3125.00000
26200 3125.00000
26300 3125.10000
26400 4687.70000
26500 3124.80000
26600 1562.50000
26700 4687.50000
26800 3125.00000
26900 4687.50000
27000 1562.60000
27100 3125.00000
27200 4687.50000
27300 3125.00000
27400 3125.30000
27500 3125.00000
27600 4687.50000
27700 3125.10000
27800 4687.50000
27900 1562.50000
28000 1562.60000
28100 3125.00000
28200 4687.40000
28300 3125.10000
28400 4686.10000
28500 3126.50000
28600 4686.10000
28700 3125.10000
28800 1562.50000
28900 3126.60000
29000 4687.30000
29100 3125.10000
29200 3124.90000
29300 4687.60000
29400 3125.00000
29500 4687.50000
29600 4687.60000
29700 1562.50000
29800 3125.00000
29900 4687.50000
30000 3123.70000
30100 4688.90000
30200 4687.50000
30300 3125.10000
30400 3125.20000
30500 4687.60000
30600 3124.90000
30700 4687.60000
30800 4687.80000
30900 3125.10000
31000 1562.60000
31100 4687.60000
31200 3125.00000
31300 3125.10000
31400 4687.50000
31500 3125.10000
31600 4687.70000
31700 4687.30000
31800 3125.10000
31900 4687.60000
32000 3125.10000
32100 4687.50000
32200 4687.70000
32300 4687.40000
32400 4687.50000
32500 4687.50000
32600 3125.10000
32700 3125.00000
32800 3125.20000
32900 3124.90000
33000 4687.60000
33100 3125.10000
33200 4687.60000
33300 4687.50000
33400 4687.60000
33500 4687.50000
33600 3125.00000
33700 3125.20000
33800 3125.00000
33900 3125.10000
34000 4687.50000
34100 4687.70000
34200 4687.40000
34300 4687.60000
34400 4687.50000
34500 6250.10000
34600 4687.50000
34700 3125.40000
34800 3124.90000
34900 4687.50000
35000 4686.10000
35100 4689.00000
35200 4687.70000
35300 3125.00000
35400 6250.10000
35500 4687.50000
35600 4687.50000
35700 4687.60000
35800 4687.50000
35900 3125.20000
36000 6249.90000
36100 4687.60000
36200 4687.50000
36300 3125.00000
36400 6250.20000
36500 4687.40000
36600 3125.10000
36700 4687.50000
36800 6250.00000
36900 4686.30000
37000 4688.90000
37100 4687.50000
37200 3123.50000
37300 4689.00000
37400 4687.60000
37500 6250.10000
37600 4687.70000
37700 4685.90000
37800 4687.60000
37900 1562.50000
38000 6250.00000
38100 4687.50000
38200 4687.60000
38300 6250.10000
38400 0.00000
38500 6250.10000
38600 4687.70000
38700 4687.30000
38800 4687.60000
38900 4687.60000
39000 6250.00000
39100 3125.20000
39200 6249.80000
39300 3125.00000
39400 6250.10000
39500 3124.90000
39600 6250.10000
39700 3125.00000
39800 6250.00000
39900 4687.60000
40000 6250.00000
40100 4687.60000
40200 4688.90000
40300 4687.30000
40400 4687.50000
40500 4687.60000
40600 4687.50000
40700 6250.10000
40800 4687.80000
40900 3125.00000
41000 6250.10000
41100 6251.40000
41200 3123.70000
41300 4688.80000
41400 6250.20000
41500 3125.00000
41600 6250.30000
41700 6249.90000
41800 3124.90000
41900 4687.60000
42000 4687.50000
42100 6250.10000
42200 3125.20000
42300 3124.90000
42400 6251.30000
42500 4687.70000
42600 6250.00000
42700 4687.70000
42800 6250.10000
42900 4687.60000
43000 6250.00000
43100 6250.10000
43200 6248.60000
43300 6251.50000
43400 6248.60000
43500 4689.30000
43600 6249.90000
43700 6250.00000
43800 3125.00000
43900 6248.90000
44000 6251.30000
44100 6250.00000
44200 4687.50000
44300 6250.10000
44400 6248.80000
44500 6251.50000
44600 6250.00000
44700 4687.40000
44800 4687.60000
44900 6865.60000
45000 5698.90000
45100 6250.10000
45200 6250.00000
45300 3125.10000
45400 6250.10000
45500 6250.10000
45600 6250.00000
45700 4286.50000
45800 6251.50000
45900 4687.50000
46000 6250.10000
46100 6250.00000
46200 6249.90000
46300 6250.00000
46400 4687.70000
46500 6251.40000
46600 6250.00000
46700 4687.60000
46800 6250.10000
46900 4687.50000
47000 6250.20000
47100 4687.40000
47200 7812.60000
47300 6250.10000
47400 4687.50000
47500 6250.10000
47600 6251.20000
47700 4686.10000
47800 4689.00000
47900 6251.60000
48000 6250.10000
48100 4687.50000
48200 3125.00000
48300 5640.10000
48400 6048.10000
48500 6602.50000
48600 7814.00000
48700 6250.00000
48800 6249.90000
48900 4687.50000
49000 4686.40000
49100 7812.40000
49200 6251.40000
49300 6250.10000
49400 6249.90000
49500 4687.60000
49600 6248.70000
49700 4688.60000
49800 6248.70000
49900 4687.50000
50000 6250.10000
50100 6251.30000
50200 6250.10000
50300 7811.40000
50400 4688.70000
50500 7812.50000
50600 4687.60000
50700 7812.60000
50800 6250.20000
50900 6250.00000
51000 7812.60000
51100 6248.80000
51200 7813.90000
51300 4687.60000
51400 7812.50000
51500 4687.50000
51600 6250.10000
51700 6250.10000
51800 6250.10000
51900 7812.50000
52000 4687.60000
52100 7812.40000
52200 6251.40000
52300 4687.70000
52400 7812.50000
52500 7812.60000
52600 7812.60000
52700 4687.60000
52800 6250.10000
52900 7812.70000
53000 4687.50000
53100 7811.30000
53200 6251.40000
53300 7812.50000
53400 4687.60000
53500 7812.50000
53600 7812.70000
53700 4687.30000
53800 7812.60000
53900 6250.00000
54000 6249.80000
54100 7812.60000
54200 6250.10000
54300 7812.60000
54400 7812.50000
54500 6250.10000
54600 6248.70000
54700 3125.00000
54800 7812.60000
54900 7812.50000
55000 7812.70000
55100 6249.90000
55200 3124.80000
55300 7812.60000
55400 7811.40000
55500 7813.90000
55600 7812.40000
55700 7812.70000
55800 7812.50000
55900 6249.80000
56000 7811.30000
56100 7813.80000
56200 7812.60000
56300 7812.60000
56400 7812.60000
56500 7812.50000
56600 7812.60000
56700 7811.10000
56800 7814.00000
56900 7812.60000
57000 4687.50000
57100 7812.60000
57200 7812.60000
57300 6250.20000
57400 7814.00000
57500 7812.60000
57600 6250.10000
57700 7812.60000
57800 7812.40000
57900 6250.10000
58000 7813.80000
58100 7812.50000
58200 4687.60000
58300 7812.60000
58400 7812.60000
58500 6250.00000
58600 7812.60000
58700 7811.10000
58800 7814.00000
58900 6250.10000
59000 7812.60000
59100 7812.50000
59200 6250.20000
59300 7812.50000
59400 7813.80000
59500 7811.30000
59600 7812.30000
59700 7813.90000
59800 6250.10000
59900 7812.70000
60000 7812.40000
60100 6250.30000
60200 7812.70000
60300 7812.50000
60400 6250.10000
60500 7812.50000
60600 6250.10000
60700 9375.10000
60800 6250.00000
60900 7812.50000
61000 7812.30000
61100 6251.30000
61200 7812.50000
61300 6250.00000
61400 9375.10000
61500 6250.20000
61600 7812.50000
61700 6248.70000
61800 6250.00000
61900 7811.20000
62000 7812.70000
62100 9376.40000
62200 7812.50000
62300 7812.50000
62400 7811.30000
62500 6251.30000
62600 7812.60000
62700 7812.70000
62800 7812.40000
62900 8974.60000
63000 6248.80000
63100 9375.20000
63200 9376.40000
63300 9375.10000
63400 7812.60000
63500 9375.00000
63600 9375.10000
63700 7812.60000
63800 8560.70000
63900 7999.30000
64000 8001.80000
64100 7999.30000
64200 7999.90000
64300 8000.70000
64400 7961.20000
64500 8003.10000
64600 8400.80000
64700 7051.30000
64800 9117.30000
64900 8002.00000
65000 8001.50000
65100 7999.10000
65200 8001.70000
65300 8659.40000
65400 7812.70000
65500 9373.80000
65600 10833.60000
65700 7813.80000
65800 9373.80000
65900 9376.30000
66000 7812.60000
66100 9375.00000
66200 7812.90000
66300 10937.50000
66400 10937.70000
66500 9956.70000
66600 7812.70000
66700 7811.00000
66800 7812.60000
66900 7814.00000
67000 9375.00000
67100 9375.10000
67200 7555.90000
67300 9375.30000
67400 7812.60000
67500 9373.80000
67600 6251.40000
67700 7812.40000
67800 9375.10000
67900 6250.40000
68000 9374.90000
68100 7482.20000
68200 9375.10000
68300 7814.00000
68400 7812.60000
68500 7812.50000
68600 7812.80000
68700 9374.90000
68800 7811.20000
68900 9375.00000
69000 7813.90000
69100 9375.10000
69200 9375.20000
69300 7811.40000
69400 6250.10000
69500 9373.70000
69600 10937.60000
69700 7813.90000
69800 9375.00000
69900 7812.60000
70000 10937.60000
70100 7812.50000
70200 7811.30000
70300 10939.20000
70400 9374.70000
70500 9375.10000
70600 9376.30000
70700 7812.80000
70800 9375.00000
70900 7811.20000
71000 9376.60000
71100 7812.30000
71200 9376.30000
71300 9375.20000
71400 10481.00000
71500 8368.80000
71600 9376.30000
71700 7812.50000
71800 10937.60000
71900 10936.20000
72000 7468.90000
72100 10938.90000
72200 9375.20000
72300 9397.00000
72400 9252.30000
72500 9343.10000
72600 9212.10000
72700 8969.80000
72800 8967.90000
72900 9785.10000
73000 9729.60000
73100 9057.00000
73200 9032.40000
73300 10597.20000
73400 10938.90000
73500 9375.10000
73600 10937.20000
73700 6250.50000
73800 9097.40000
73900 9008.00000
74000 10939.00000
74100 9375.10000
74200 4688.60000
74300 7812.80000
74400 6249.80000
74500 9375.20000
74600 10937.50000
74700 10937.70000
74800 9375.00000
74900 10937.70000
75000 7663.30000
75100 9371.50000
75200 9173.10000
75300 9314.10000
75400 9002.20000
75500 9418.10000
75600 9375.10000
75700 10939.10000
75800 9375.10000
75900 10936.10000
76000 7812.60000
76100 9375.00000
76200 9375.20000
76300 9375.20000
76400 9374.80000
76500 10937.60000
76600 9375.20000
76700 9375.10000
76800 10937.50000
76900 9376.50000
77000 10937.60000
77100 9374.90000
77200 9375.10000
77300 9375.00000
77400 9375.00000
77500 10937.80000
77600 10937.50000
77700 9375.20000
77800 9376.30000
77900 9373.80000
78000 9375.10000
78100 9375.20000
78200 9375.00000
78300 9375.30000
78400 7812.60000
78500 9374.90000
78600 9375.10000
78700 10937.60000
78800 10938.90000
78900 10936.20000
79000 9375.00000
79100 9375.10000
79200 9374.90000
79300 9375.00000
79400 9585.40000
79500 9127.10000
79600 9375.00000
79700 9375.10000
79800 9377.60000
79900 11997.40000
80000 9375.00000
80100 10936.50000
80200 7813.60000
80300 9375.20000
80400 10937.60000
80500 9375.00000
80600 10937.70000
80700 10937.80000
80800 9374.80000
80900 10939.10000
81000 9375.10000
81100 10937.50000
81200 9375.00000
81300 10937.60000
81400 10937.60000
81500 9375.00000
81600 9374.00000
81700 12501.30000
81800 9373.70000
81900 9376.50000
82000 12500.10000
82100 9375.30000
82200 10937.50000
82300 9375.20000
82400 7812.40000
82500 7813.70000
82600 7812.50000
82700 9373.70000
82800 9376.40000
82900 10937.60000
83000 12499.00000
83100 10937.60000
83200 9373.80000
83300 6249.10000
83400 9375.20000
83500 7812.40000
83600 12498.90000
83700 6250.00000
83800 9372.80000
83900 10938.70000
84000 12498.70000
84100 7814.10000
84200 10936.20000
84300 12501.50000
84400 9375.10000
84500 10936.40000
84600 10937.80000
84700 9375.00000
84800 10936.80000
84900 10937.50000
85000 9376.40000
85100 12498.80000
85200 9376.10000
85300 9375.10000
85400 10936.30000
85500 10939.20000
85600 9375.10000
85700 10936.30000
85800 10937.50000
85900 10938.80000
86000 9373.50000
86100 10940.20000
86200 12500.20000
86300 10937.60000
86400 10937.50000
86500 9375.00000
86600 10936.50000
86700 9375.10000
86800 9375.10000
86900 10937.80000
87000 12500.00000
87100 10938.10000
87200 10938.30000
87300 10937.60000
87400 12500.10000
87500 9375.10000
87600 9375.80000
87700 12500.10000
87800 9375.00000
87900 9374.00000
88000 10937.60000
88100 12500.00000
88200 10937.70000
88300 10937.40000
88400 10937.50000
88500 12498.70000
88600 9376.40000
88700 9375.20000
88800 9375.10000
88900 9375.20000
89000 12498.80000
89100 9375.00000
89200 10936.40000
89300 12500.10000
89400 12500.10000
89500 9373.50000
89600 10937.40000
89700 10937.40000
89800 10940.30000
89900 9374.90000
90000 12498.90000
90100 10938.60000
90200 12500.10000
90300 10937.70000
90400 10936.60000
90500 9375.10000
90600 10937.70000
90700 14062.60000
90800 10939.10000
90900 10937.60000
91000 12500.30000
91100 10937.40000
91200 12500.10000
91300 10937.30000
91400 10937.40000
91500 9375.30000
91600 10937.60000
91700 12500.00000
91800 12500.20000
91900 12498.90000
92000 10937.60000
92100 9374.90000
92200 10937.80000
92300 10937.70000
92400 10936.40000
92500 10938.80000
92600 9375.10000
92700 10937.70000
92800 10937.50000
92900 12500.20000
93000 12498.60000
93100 10937.60000
93200 14062.60000
93300 9376.40000
93400 14062.70000
93500 9373.90000
93600 14062.60000
93700 9374.80000
93800 14062.70000
93900 9374.90000
94000 14062.60000
94100 9375.30000
94200 12500.20000
94300 9375.00000
94400 14062.70000
94500 9374.90000
94600 12499.00000
94700 14062.60000
94800 10937.70000
94900 12500.10000
95000 12500.10000
95100 10937.60000
95200 12500.20000
95300 10937.60000
95400 10937.60000
95500 12500.10000
95600 10937.60000
95700 10938.30000
95800 12500.10000
95900 12498.80000
96000 9374.90000
96100 12501.50000
96200 12498.90000
96300 9375.00000
96400 12501.50000
96500 12500.10000
96600 12500.20000
96700 10937.30000
96800 14062.70000
96900 14062.50000
97000 12500.30000
97100 12500.00000
97200 10937.40000
97300 10936.20000
97400 12501.40000
97500 14062.50000
97600 12498.70000
97700 12501.50000
97800 12500.10000
97900 12500.10000
98000 12500.20000
98100 12500.10000
98200 12500.10000
98300 12499.90000
98400 10936.10000
98500 10937.50000
98600 12500.90000
98700 12500.00000
98800 12500.30000
98900 12498.90000
99000 12500.10000
99100 12500.30000
99200 12500.20000
99300 12498.70000
99400 12501.40000
99500 10936.20000
99600 12501.60000
99700 12500.40000
99800 12498.80000
99900 14064.00000
100000 12500.10000
