0 0
100 2385
200 10011
300 21606
400 39460
500 63137
600 93074
700 124615
800 159757
900 199134
1000 246300
1100 296076
1200 351713
1300 415165
1400 485930
1500 553669
1600 627838
1700 699546
1800 784065
1900 877575
2000 969364
2100 1077969
2200 1183231
2300 1305183
2400 1417813
2500 1540334
2600 1671121
2700 1808077
2800 1946729
2900 2097923
3000 2244754
3100 2394927
3200 2552008
3300 2729739
3400 2890423
3500 3079333
3600 3253712
3700 3436300
3800 3611400
3900 3795421
4000 3992635
4100 4215851
4200 4409528
4300 4607425
4400 4830468
4500 5050219
4600 5264192
4700 5486857
4800 5829039
4900 6092368
5000 6340407
5100 6597200
5200 6846233
5300 7136827
5400 7411189
5500 7703927
5600 7990353
5700 8263845
5800 8537803
5900 8852358
6000 9133249
6100 9439611
6200 9758010
6300 10088657
6400 10413469
6500 10729799
6600 11053114
6700 11231430
6800 11575817
6900 11940706
7000 12306806
7100 12687294
7200 13023003
7300 13408948
7400 13762092
7500 14126467
7600 14537001
7700 14918442
7800 15332264
7900 15363800
8000 15785584
8100 16230543
8200 16649811
8300 17122637
8400 17515773
8500 17875815
8600 18299176
8700 18744733
8800 19417911
8900 19844216
9000 20291800
9100 20772586
9200 21237330
9300 21696234
9400 22183139
9500 22522157
9600 22966387
9700 23443073
9800 23933123
9900 24427513
10000 24928289
10100 25447896
10200 25706183
10300 26250219
10400 26763417
10500 27316460
10600 27828732
10700 28337685
10800 29321803
10900 29875182
11000 30389889
11100 30931821
11200 31540517
11300 31926412
11400 32485061
11500 33034879
11600 33648348
11700 34148400
11800 34694067
11900 35297990
12000 35904005
12100 36526879
12200 37236078
12300 37888945
12400 38539698
12500 39177195
12600 39276777
12700 39923870
12800 40538233
12900 41183244
13000 41800969
13100 42493233
13200 43147007
13300 43970540
13400 44733030
13500 45389147
13600 46268346
13700 46940809
13800 47846340
13900 48573042
14000 49279573
14100 49303149
14200 50030725
14300 50766074
14400 51521920
14500 51993296
14600 52714903
14700 53507085
14800 54463135
14900 55182427
15000 55711905
15100 56432887
15200 57750716
15300 58523972
15400 59356098
15500 60072316
15600 60573564
15700 61363780
15800 62388562
15900 63148197
16000 64235483
16100 64726723
16200 65498263
16300 66243148
16400 67019830
16500 68287628
16600 69068231
16700 70068889
16800 71103979
16900 71957853
17000 72255629
17100 73135343
17200 74276815
17300 74667969
17400 75564189
17500 76549787
17600 78133557
17700 78995471
17800 79108204
17900 80413340
18000 81349368
18100 81923424
18200 82143879
18300 84298275
18400 85267231
18500 86356739
18600 86075310
18700 86973015
18800 88277673
18900 88400777
19000 90172115
19100 91049819
19200 91940857
19300 93186737
19400 93679279
19500 94840825
19600 95734897
19700 97104723
19800 98164236
19900 98990762
20000 100284541
20100 100630943
20200 101505964
20300 102544213
20400 103580103
20500 104138144
20600 106633965
20700 107739771
20800 108398180
20900 108582336
21000 110204092
21100 111792219
21200 112755889
21300 112966656
21400 115062999
21500 116305164
21600 116658132
21700 117386989
21800 119571714
21900 120091767
22000 119801006
22100 123196652
22200 123909382
22300 125080842
22400 126197856
22500 125275632
22600 128276605
22700 128276697
22800 129832306
22900 129290315
23000 132156049
23100 134079099
23200 134936895
23300 135683129
23400 136432546
23500 136871824
23600 139258266
23700 141601225
23800 141408909
23900 142345878
24000 144550499
24100 145057097
24200 146002415
24300 146577190
24400 148400474
24500 149880874
24600 151576099
24700 152417578
24800 153534335
24900 153776554
25000 155602926
25100 158136681
25200 158744387
25300 159635046
25400 160337309
25500 163283992
25600 163359312
25700 164325227
25800 166137010
25900 167543086
26000 167602633
26100 170906709
26200 173333053
26300 172706372
26400 174323466
26500 174530468
26600 176617459
26700 178375106
26800 179824643
26900 180827583
27000 182239042
27100 183760820
27200 185417892
27300 186818996
27400 185369635
27500 188592856
27600 191900359
27700 191480853
27800 193199508
27900 194627906
28000 193658576
28100 196976987
28200 197926266
28300 199543972
28400 202096704
28500 202845549
28600 204307066
28700 205785399
28800 208227474
28900 209421492
29000 210662961
29100 210836840
29200 212814096
29300 215407984
29400 214814473
29500 217433251
29600 218359652
29700 220336344
29800 222378177
29900 222376867
30000 225165671
30100 224950602
30200 227705394
30300 229949885
30400 230423614
30500 233259727
30600 232714936
30700 235006296
30800 234123261
30900 239363039
31000 240427067
31100 240706751
31200 242988543
31300 245540411
31400 246048592
31500 249349273
31600 250109854
31700 250139809
31800 252588840
31900 254458758
32000 254819124
32100 256179501
32200 259088211
32300 260622819
32400 263594565
32500 264130523
32600 264947953
32700 265326477
32800 270521151
32900 269687819
33000 272011798
33100 274053058
33200 276014035
33300 275664387
33400 278161631
33500 279333120
33600 282704195
33700 284376883
33800 285248519
33900 288021587
34000 287826360
34100 290772972
34200 290549062
34300 293322768
34400 294978423
34500 297529215
34600 299872765
34700 301521316
34800 301968304
34900 304599043
35000 304642542
35100 308419783
35200 309929822
35300 309828930
35400 311808780
35500 314834154
35600 313814931
35700 318355314
35800 319849252
35900 321893005
36000 322474165
36100 325951989
36200 327074689
36300 327818686
36400 330519542
36500 333514450
36600 334840084
36700 336555443
36800 338792035
36900 340799939
37000 340844796
37100 343376013
37200 344674401
37300 346723165
37400 349058926
37500 348608826
37600 354641371
37700 354497675
37800 359359586
37900 358548689
38000 362514192
38100 360941567
38200 365477368
38300 364764119
38400 369709469
38500 369668268
38600 369232680
38700 374150891
38800 375419550
38900 377642036
39000 380273884
39100 382484921
39200 382013647
39300 385980122
39400 385776289
39500 389502774
39600 394035812
39700 390754677
39800 397823405
39900 396135171
40000 399263141
40100 400804194
40200 404313186
40300 406032008
40400 407921717
40500 410666377
40600 413922578
40700 415125309
40800 416232856
40900 417455983
41000 420380812
41100 421712289
41200 421342773
41300 420974050
41400 429312973
41500 430370385
41600 432690147
41700 432777278
41800 435000042
41900 437805511
42000 438298718
42100 441539130
42200 444628612
42300 445677358
42400 450722037
42500 449192210
42600 455346818
42700 453529819
42800 456811213
42900 459236753
43000 461264293
43100 463218457
43200 465679248
43300 469801755
43400 469052197
43500 474474522
43600 475188935
43700 478675582
43800 479193680
43900 482571774
44000 486165768
44100 485628491
44200 489491631
44300 492147237
44400 492873164
44500 492404131
44600 501570677
44700 498734377
44800 499911683
44900 506305454
45000 505385305
45100 504685704
45200 509657180
45300 514322800
45400 515584762
45500 518010392
45600 518821247
45700 522953450
45800 522533154
45900 525047392
46000 527442996
46100 529877878
46200 535992657
46300 536482812
46400 539666719
46500 540545642
46600 540296715
46700 546595452
46800 548861708
46900 549590762
47000 550208127
47100 553992877
47200 557809836
47300 559374536
47400 560219985
47500 560106177
47600 566146325
47700 570407822
47800 569910647
47900 571823756
48000 577540007
48100 575907968
48200 578320829
48300 581461822
48400 585296575
48500 586943248
48600 587752057
48700 592062014
48800 594096904
48900 596453172
49000 602336207
49100 603973917
49200 605786811
49300 604932521
49400 609232058
49500 610915642
49600 615352885
49700 618488573
49800 622120344
49900 620337806
50000 623583503
50100 627926028
50200 629841603
50300 631103118
50400 633932531
50500 631738082
50600 639887748
50700 643666376
50800 644108840
50900 646192166
51000 651508288
51100 651842713
51200 652410792
51300 655464829
51400 660659956
51500 662788797
51600 664192496
51700 669671866
51800 667747562
51900 672354544
52000 676701480
52100 676454321
52200 677934085
52300 681095285
52400 682853829
52500 683957642
52600 690936716
52700 696550321
52800 693904956
52900 698477254
53000 704457549
53100 706466496
53200 707508029
53300 704592490
53400 715274664
53500 717555611
53600 720750004
53700 723611764
53800 720443700
53900 722958470
54000 726826144
54100 733000749
54200 732328739
54300 738272089
54400 737360106
54500 740259250
54600 742769159
54700 746310856
54800 752923923
54900 752511563
55000 754563639
55100 756252435
55200 762088484
55300 763213148
55400 765285346
55500 774252004
55600 772628512
55700 772165168
55800 777718560
55900 778937681
56000 782752795
56100 786437765
56200 784106507
56300 795563567
56400 796283030
56500 799538470
56600 801593609
56700 801782277
56800 809093083
56900 805763546
57000 811654055
57100 816135953
57200 817502399
57300 819850084
57400 825572885
57500 824417325
57600 829752172
57700 830947501
57800 833253044
57900 838575656
58000 839337031
58100 843540684
58200 850035425
58300 849513111
58400 850764315
58500 854572896
58600 852906341
58700 863573249
58800 861588622
58900 867861583
59000 867215254
59100 874396273
59200 873453100
59300 875892763
59400 882671788
59500 886795128
59600 887568859
59700 888299030
59800 893575649
59900 902520475
60000 900229133
60100 903437075
60200 905467204
60300 908156566
60400 911466346
60500 917441110
60600 915797583
60700 919648288
60800 926685015
60900 925234759
61000 931279568
61100 930182484
61200 938744077
61300 937292112
61400 942554271
61500 944358380
61600 946660948
61700 948080260
61800 951242142
61900 956330863
62000 960655029
62100 961337992
62200 967048705
62300 966355608
62400 969778192
62500 976028656
62600 976878895
62700 981536301
62800 982554033
62900 985916916
63000 989719610
63100 996276468
63200 996895394
63300 1003309260
63400 1002533269
63500 1006238626
63600 1012500865
63700 1013121054
63800 1018542705
63900 1020366046
64000 1026808897
64100 1028474494
64200 1023984007
64300 1031468310
64400 1033953998
64500 1039913126
64600 1043987159
64700 1042660069
64800 1046024335
64900 1051893028
65000 1052029534
65100 1054391376
65200 1060166270
65300 1066266276
65400 1066777673
65500 1075672666
65600 1075933927
65700 1079167725
65800 1085164453
65900 1085635944
66000 1083092290
66100 1092543987
66200 1094590038
66300 1095956264
66400 1098931941
66500 1106573056
66600 1106675466
66700 1112171162
66800 1112796746
66900 1114807124
67000 1121988902
67100 1118666952
67200 1128620748
67300 1131956969
67400 1135026760
67500 1140600039
67600 1142172953
67700 1148904202
67800 1149017160
67900 1154194389
68000 1154231647
68100 1153217588
68200 1160822789
68300 1168504434
68400 1170432218
68500 1165965694
68600 1175929152
68700 1180633030
68800 1185779434
68900 1184126611
69000 1195221081
69100 1195110834
69200 1197617892
69300 1199864660
69400 1205255048
69500 1205702123
69600 1210649245
69700 1213266455
69800 1215015109
69900 1229415858
70000 1221506072
70100 1228989452
70200 1233284753
70300 1230648799
70400 1236262806
70500 1247476425
70600 1247295697
70700 1251714120
70800 1256429877
70900 1258182997
71000 1257840429
71100 1260117625
71200 1261814767
71300 1265829081
71400 1275696625
71500 1284243529
71600 1279666290
71700 1285783286
71800 1294497805
71900 1281473915
72000 1296600936
72100 1296427512
72200 1300359602
72300 1304747295
72400 1310925017
72500 1310551692
72600 1317054385
72700 1318391763
72800 1323647698
72900 1329824399
73000 1323162375
73100 1335834501
73200 1339593478
73300 1344502765
73400 1346861582
73500 1347912234
73600 1355972666
73700 1356771299
73800 1359931298
73900 1356052723
74000 1367887502
74100 1372951612
74200 1371376334
74300 1386576425
74400 1382209227
74500 1389348576
74600 1392631156
74700 1392469487
74800 1396656895
74900 1397206518
75000 1403102238
75100 1409137598
75200 1409420505
75300 1414256711
75400 1418826639
75500 1425769430
75600 1426413302
75700 1428706498
75800 1433657560
75900 1445402933
76000 1444520263
76100 1447129966
76200 1452798305
76300 1455690736
76400 1455566005
76500 1466009728
76600 1457814128
76700 1471297926
76800 1473527806
76900 1477756633
77000 1483342905
77100 1490101840
77200 1486403494
77300 1492461462
77400 1500199678
77500 1502593009
77600 1499446611
77700 1506884676
77800 1506555038
77900 1510800811
78000 1517455809
78100 1511433410
78200 1529038154
78300 1530597188
78400 1533351529
78500 1538510151
78600 1543491126
78700 1548706868
78800 1545055993
78900 1552693291
79000 1555515928
79100 1563852571
79200 1565319232
79300 1570655959
79400 1571555051
79500 1582004075
79600 1580038968
79700 1584023685
79800 1595045119
79900 1586881248
80000 1592343310
80100 1604532431
80200 1600431981
80300 1611131291
80400 1616349968
80500 1619171076
80600 1620269664
80700 1631732695
80800 1634585979
80900 1632596793
81000 1640227293
81100 1642729812
81200 1649998073
81300 1642555820
81400 1655672390
81500 1657554676
81600 1668057536
81700 1666387873
81800 1662580849
81900 1679155791
82000 1687774553
82100 1689124094
82200 1687404417
82300 1686825746
82400 1695228969
82500 1698793233
82600 1692983480
82700 1714036347
82800 1711605682
82900 1715838347
83000 1716933001
83100 1727127764
83200 1733311458
83300 1729358220
83400 1732351703
83500 1747539477
83600 1747983428
83700 1743344884
83800 1744457442
83900 1756305677
84000 1764076100
84100 1767067833
84200 1766714179
84300 1775316828
84400 1781417107
84500 1790584080
84600 1791864593
84700 1790465419
84800 1796923371
84900 1798832713
85000 1799715515
85100 1813337573
85200 1818999262
85300 1820689113
85400 1819750082
85500 1820847485
85600 1829807048
85700 1836655519
85800 1836291570
85900 1834158845
86000 1852842842
86100 1854640985
86200 1855259888
86300 1864740649
86400 1863809790
86500 1863000858
86600 1870073533
86700 1877991802
86800 1879922770
86900 1888739764
87000 1891065604
87100 1893191663
87200 1893671304
87300 1900495245
87400 1914953949
87500 1913691416
87600 1918128201
87700 1922128262
87800 1920216709
87900 1925189329
88000 1933094115
88100 1946612310
88200 1942502781
88300 1943112661
88400 1960320505
88500 1958671280
88600 1963741706
88700 1959879895
88800 1967041268
88900 1966667603
89000 1979387876
89100 1984649562
89200 1979719571
89300 1991772000
89400 1987950710
89500 2008666648
89600 1997907747
89700 2009495777
89800 2013950419
89900 2018600802
90000 2020596313
90100 2026345093
90200 2030517642
90300 2036719495
90400 2036241789
90500 2046505354
90600 2056277709
90700 2051374147
90800 2058001733
90900 2068072937
91000 2073272206
91100 2074309920
91200 2080881005
91300 2085725164
91400 2082605834
91500 2090001027
91600 2091668093
91700 2105848641
91800 2107606604
91900 2110441813
92000 2104935590
92100 2123763266
92200 2131215295
92300 2132546557
92400 2130254094
92500 2136269318
92600 2140754450
92700 2147304157
92800 2147335027
92900 2143196607
93000 2164939530
93100 2160641875
93200 2172241253
93300 2174257714
93400 2189418044
93500 2176702735
93600 2195783672
93700 2188764642
93800 2203226115
93900 2202259020
94000 2212171157
94100 2210222133
94200 2212044506
94300 2217512215
94400 2225108939
94500 2233429021
94600 2242329178
94700 2237433429
94800 2244617237
94900 2243721534
95000 2249224861
95100 2249176190
95200 2269985480
95300 2271876102
95400 2268172199
95500 2285907958
95600 2285094766
95700 2281788378
95800 2300592003
95900 2298783851
96000 2299864356
96100 2308328882
96200 2314902889
96300 2326565711
96400 2330174287
96500 2322346188
96600 2326171590
96700 2334382213
96800 2337694253
96900 2355290347
97000 2354147047
97100 2349510935
97200 2362498666
97300 2362107820
97400 2373434164
97500 2388800078
97600 2381513178
97700 2376555218
97800 2384542776
97900 2390115072
98000 2392858413
98100 2402596353
98200 2417022939
98300 2408266359
98400 2413650472
98500 2420290474
98600 2416703632
98700 2417867439
98800 2452496024
98900 2445575800
99000 2451073883
99100 2454808866
99200 2461777161
99300 2454541831
99400 2465266629
99500 2472752626
99600 2469292176
99700 2475922077
99800 2492438037
99900 2500479946
100000 2497418953