0 0
100 542
200 1282
300 2108
400 2966
500 3869
600 4809
700 5737
800 6733
900 7733
1000 8722
1100 9763
1200 10796
1300 11850
1400 12897
1500 13983
1600 15075
1700 16140
1800 17235
1900 18352
2000 19403
2100 20584
2200 21707
2300 22847
2400 23960
2500 25120
2600 26247
2700 27467
2800 28554
2900 29781
3000 30939
3100 32071
3200 33300
3300 34519
3400 35684
3500 36873
3600 38057
3700 39263
3800 40469
3900 41686
4000 42793
4100 43987
4200 45314
4300 46538
4400 47734
4500 49030
4600 50241
4700 51504
4800 52687
4900 54000
5000 55194
5100 56467
5200 57757
5300 59050
5400 60323
5500 61506
5600 62823
5700 64057
5800 65338
5900 66550
6000 67847
6100 69128
6200 70357
6300 71707
6400 72973
6500 74261
6600 75584
6700 76847
6800 78125
6900 79364
7000 80662
7100 81930
7200 83292
7300 84585
7400 85930
7500 87205
7600 88481
7700 89739
7800 91129
7900 92319
8000 93616
8100 94942
8200 96221
8300 97671
8400 98989
8500 100277
8600 101649
8700 102949
8800 104367
8900 105617
9000 107008
9100 108419
9200 109647
9300 110986
9400 112381
9500 113705
9600 115020
9700 116487
9800 117784
9900 119079
10000 120403
10100 121814
10200 123149
10300 124470
10400 125903
10500 127158
10600 128653
10700 129905
10800 131387
10900 132625
11000 134029
11100 135339
11200 136794
11300 138146
11400 139530
11500 140875
11600 142231
11700 143544
11800 144932
11900 146299
12000 147711
12100 149058
12200 150430
12300 151881
12400 153162
12500 154540
12600 156023
12700 157351
12800 158757
12900 160115
13000 161488
13100 162836
13200 164332
13300 165628
13400 167067
13500 168485
13600 169892
13700 171209
13800 172544
13900 174034
14000 175427
14100 176729
14200 178142
14300 179731
14400 181027
14500 182393
14600 183713
14700 185123
14800 186683
14900 188015
15000 189416
15100 190789
15200 192196
15300 193562
15400 194959
15500 196248
15600 197798
15700 199135
15800 200510
15900 201932
16000 203343
16100 204783
16200 206145
16300 207472
16400 208946
16500 210359
16600 211951
16700 213248
16800 214774
16900 216103
17000 217523
17100 219047
17200 220494
17300 221881
17400 223360
17500 224772
17600 226310
17700 227710
17800 229079
17900 230630
18000 231990
18100 233514
18200 234924
18300 236306
18400 237776
18500 239232
18600 240657
18700 242189
18800 243601
18900 245051
19000 246499
19100 247914
19200 249456
19300 250799
19400 252363
19500 253744
19600 255199
19700 256665
19800 258043
19900 259661
20000 260822
20100 262516
20200 263841
20300 265242
20400 266731
20500 268249
20600 269733
20700 271099
20800 272664
20900 274137
21000 275342
21100 276965
21200 278522
21300 279898
21400 281316
21500 282936
21600 284349
21700 285807
21800 287116
21900 288632
22000 290130
22100 291603
22200 292997
22300 294419
22400 295970
22500 297396
22600 298986
22700 300314
22800 301832
22900 303244
23000 304776
23100 306145
23200 307839
23300 309118
23400 310524
23500 312165
23600 313521
23700 314948
23800 316401
23900 317991
24000 319409
24100 320817
24200 322329
24300 323904
24400 325292
24500 326564
24600 328258
24700 329654
24800 331143
24900 332680
25000 334032
25100 335474
25200 337109
25300 338390
25400 340011
25500 341391
25600 342930
25700 344462
25800 345816
25900 347306
26000 348859
26100 350364
26200 351950
26300 353344
26400 354857
26500 356426
26600 357952
26700 359340
26800 360724
26900 362306
27000 363722
27100 365121
27200 366830
27300 368209
27400 369773
27500 371295
27600 372709
27700 374018
27800 375660
27900 377041
28000 378639
28100 380192
28200 381668
28300 383174
28400 384575
28500 386121
28600 387522
28700 389209
28800 390556
28900 392070
29000 393614
29100 394927
29200 396493
29300 398161
29400 399632
29500 400984
29600 402435
29700 404140
29800 405514
29900 407112
30000 408621
30100 410028
30200 411642
30300 412989
30400 414475
30500 415966
30600 417580
30700 419048
30800 420496
30900 421966
31000 423462
31100 425068
31200 426514
31300 428202
31400 429549
31500 430985
31600 432589
31700 434125
31800 435407
31900 436997
32000 438518
32100 440193
32200 441378
32300 443028
32400 444301
32500 446032
32600 447651
32700 448983
32800 450567
32900 452101
33000 453580
33100 455153
33200 456643
33300 458253
33400 459841
33500 461345
33600 463000
33700 464375
33800 465997
33900 467318
34000 468951
34100 470320
34200 471877
34300 473551
34400 474989
34500 476583
34600 478253
34700 479708
34800 481119
34900 482782
35000 484314
35100 485775
35200 487305
35300 489021
35400 490516
35500 492069
35600 493365
35700 495072
35800 496643
35900 498257
36000 499920
36100 501253
36200 502823
36300 504284
36400 505871
36500 507504
36600 508910
36700 510503
36800 512058
36900 513571
37000 515055
37100 516536
37200 518168
37300 519889
37400 521449
37500 522871
37600 524474
37700 526089
37800 527583
37900 528998
38000 530582
38100 531999
38200 533814
38300 535254
38400 536830
38500 538293
38600 539718
38700 541571
38800 543048
38900 544565
39000 546144
39100 547701
39200 549238
39300 550699
39400 552379
39500 553829
39600 555342
39700 556886
39800 558587
39900 560009
40000 561620
40100 562974
40200 564629
40300 566355
40400 567913
40500 569595
40600 571165
40700 572414
40800 574244
40900 575501
41000 577330
41100 578670
41200 580301
41300 581915
41400 583457
41500 585104
41600 586591
41700 588171
41800 589678
41900 591273
42000 592855
42100 594395
42200 596082
42300 597387
42400 599012
42500 600573
42600 602064
42700 603800
42800 605376
42900 606885
43000 608476
43100 609929
43200 611616
43300 613102
43400 614727
43500 616189
43600 617955
43700 619344
43800 621064
43900 622601
44000 624094
44100 625695
44200 627127
44300 628671
44400 630299
44500 631714
44600 633548
44700 634742
44800 636500
44900 638046
45000 639627
45100 641013
45200 642738
45300 644413
45400 645767
45500 647487
45600 648949
45700 650782
45800 651924
45900 653651
46000 655157
46100 656965
46200 658264
46300 660000
46400 661573
46500 663074
46600 664499
46700 666277
46800 667840
46900 669359
47000 671015
47100 672442
47200 674098
47300 675671
47400 677204
47500 678721
47600 680318
47700 681906
47800 683332
47900 685054
48000 686617
48100 688182
48200 689744
48300 691254
48400 692707
48500 694375
48600 695884
48700 697759
48800 699146
48900 700672
49000 702452
49100 703920
49200 705319
49300 707052
49400 708401
49500 710275
49600 711657
49700 713330
49800 715085
49900 716482
50000 718216
50100 719630
50200 721399
50300 723020
50400 724581
50500 726063
50600 727626
50700 729382
50800 730975
50900 732500
51000 734126
51100 735457
51200 737186
51300 738745
51400 740167
51500 741953
51600 743687
51700 745147
51800 746450
51900 748167
52000 750049
52100 751504
52200 753150
52300 754516
52400 755939
52500 757263
52600 759120
52700 760790
52800 762229
52900 764096
53000 765426
53100 767168
53200 768897
53300 770313
53400 771707
53500 773562
53600 775035
53700 776703
53800 778216
53900 779684
54000 781348
54100 782938
54200 784602
54300 786206
54400 787628
54500 789202
54600 790895
54700 792599
54800 794115
54900 795728
55000 797274
55100 798885
55200 800612
55300 801892
55400 803876
55500 805354
55600 807092
55700 808445
55800 810234
55900 811717
56000 813380
56100 815031
56200 816478
56300 818328
56400 819630
56500 821352
56600 823044
56700 824309
56800 826016
56900 827786
57000 829382
57100 830936
57200 832552
57300 833916
57400 835497
57500 837453
57600 838817
57700 840474
57800 842055
57900 843516
58000 845292
58100 846565
58200 848719
58300 850263
58400 851845
58500 853280
58600 855161
58700 856621
58800 858312
58900 859820
59000 861498
59100 862949
59200 864654
59300 866267
59400 867787
59500 869318
59600 871018
59700 872581
59800 874148
59900 875761
60000 877463
60100 878845
60200 880662
60300 881966
60400 883768
60500 885427
60600 887197
60700 888243
60800 889824
60900 891450
61000 893100
61100 894682
61200 896403
61300 897809
61400 899200
61500 900966
61600 902826
61700 904245
61800 905778
61900 907392
62000 908894
62100 910725
62200 912136
62300 914029
62400 915316
62500 917014
62600 918745
62700 920189
62800 921747
62900 923475
63000 924921
63100 926505
63200 928293
63300 929851
63400 931512
63500 933107
63600 934663
63700 936217
63800 937876
63900 939473
64000 941023
64100 942736
64200 944315
64300 945666
64400 947482
64500 949035
64600 950660
64700 952299
64800 953788
64900 955372
65000 957030
65100 958594
65200 960238
65300 961966
65400 963575
65500 965084
65600 966779
65700 968202
65800 969841
65900 971599
66000 973336
66100 974687
66200 976354
66300 978296
66400 979729
66500 981373
66600 982992
66700 984683
66800 986349
66900 987996
67000 989662
67100 991174
67200 992589
67300 994489
67400 996120
67500 997778
67600 999462
67700 1000956
67800 1002665
67900 1004445
68000 1006254
68100 1007514
68200 1009305
68300 1010903
68400 1012684
68500 1014207
68600 1015991
68700 1017421
68800 1019234
68900 1020873
69000 1022482
69100 1024259
69200 1025773
69300 1027386
69400 1029012
69500 1030733
69600 1032389
69700 1033967
69800 1035472
69900 1037257
70000 1039024
70100 1040423
70200 1042049
70300 1043949
70400 1045512
70500 1047117
70600 1048880
70700 1050527
70800 1052044
70900 1053693
71000 1055355
71100 1056790
71200 1058837
71300 1060173
71400 1061744
71500 1063356
71600 1065072
71700 1066640
71800 1068380
71900 1070177
72000 1071783
72100 1073451
72200 1074988
72300 1076648
72400 1078167
72500 1079917
72600 1081664
72700 1083164
72800 1084942
72900 1086336
73000 1087921
73100 1089711
73200 1091451
73300 1092938
73400 1094570
73500 1096348
73600 1098022
73700 1099693
73800 1101232
73900 1102845
74000 1104470
74100 1106136
74200 1107687
74300 1109459
74400 1111035
74500 1112754
74600 1114601
74700 1116205
74800 1117830
74900 1119770
75000 1121185
75100 1122760
75200 1124563
75300 1125984
75400 1127563
75500 1129295
75600 1130846
75700 1132471
75800 1134246
75900 1135871
76000 1137598
76100 1138984
76200 1140688
76300 1142423
76400 1144081
76500 1145998
76600 1147423
76700 1149258
76800 1150675
76900 1152134
77000 1154062
77100 1155396
77200 1157163
77300 1158790
77400 1160512
77500 1162065
77600 1163553
77700 1165250
77800 1166897
77900 1168757
78000 1170367
78100 1171893
78200 1173411
78300 1175550
78400 1176990
78500 1178502
78600 1180271
78700 1181623
78800 1183390
78900 1185287
79000 1187361
79100 1188900
79200 1190422
79300 1192208
79400 1193874
79500 1195571
79600 1197026
79700 1198786
79800 1200605
79900 1202227
80000 1203745
80100 1205289
80200 1207102
80300 1208515
80400 1210160
80500 1211768
80600 1213232
80700 1214918
80800 1216687
80900 1218264
81000 1219919
81100 1221690
81200 1223214
81300 1225004
81400 1226491
81500 1228504
81600 1230202
81700 1231521
81800 1233275
81900 1234856
82000 1236791
82100 1238105
82200 1239809
82300 1241735
82400 1243260
82500 1244931
82600 1246489
82700 1248287
82800 1249788
82900 1251253
83000 1252892
83100 1254821
83200 1256438
83300 1258188
83400 1259760
83500 1261614
83600 1262819
83700 1264625
83800 1266298
83900 1267985
84000 1269466
84100 1271608
84200 1273184
84300 1274948
84400 1276407
84500 1278247
84600 1279960
84700 1281572
84800 1283303
84900 1284576
85000 1286549
85100 1288277
85200 1289776
85300 1291445
85400 1292982
85500 1294592
85600 1296377
85700 1297991
85800 1299727
85900 1301319
86000 1302985
86100 1304616
86200 1306486
86300 1307707
86400 1309555
86500 1311138
86600 1312848
86700 1314735
86800 1316153
86900 1317733
87000 1319762
87100 1320992
87200 1322833
87300 1324688
87400 1326152
87500 1327753
87600 1329502
87700 1331045
87800 1332900
87900 1334098
88000 1336347
88100 1337706
88200 1339395
88300 1341003
88400 1342619
88500 1344518
88600 1345932
88700 1347717
88800 1349502
88900 1350899
89000 1352678
89100 1354517
89200 1355965
89300 1357611
89400 1359459
89500 1360896
89600 1362501
89700 1364025
89800 1365925
89900 1367419
90000 1369111
90100 1370708
90200 1372531
90300 1374470
90400 1375903
90500 1377536
90600 1378997
90700 1380873
90800 1382680
90900 1384032
91000 1385804
91100 1387629
91200 1389383
91300 1391068
91400 1392285
91500 1393975
91600 1396135
91700 1397744
91800 1399048
91900 1401085
92000 1402627
92100 1404275
92200 1405693
92300 1407755
92400 1409301
92500 1411029
92600 1412761
92700 1414201
92800 1416154
92900 1417866
93000 1419316
93100 1420686
93200 1422614
93300 1424078
93400 1426110
93500 1427639
93600 1429045
93700 1430822
93800 1432399
93900 1434239
94000 1435826
94100 1437470
94200 1439124
94300 1440710
94400 1442486
94500 1443893
94600 1445793
94700 1447125
94800 1449068
94900 1450754
95000 1452252
95100 1454048
95200 1455520
95300 1457313
95400 1459260
95500 1460879
95600 1462487
95700 1464314
95800 1465903
95900 1467563
96000 1469241
96100 1471030
96200 1472423
96300 1474491
96400 1475911
96500 1477621
96600 1479234
96700 1481010
96800 1482662
96900 1484417
97000 1485662
97100 1487417
97200 1489361
97300 1491030
97400 1492594
97500 1494219
97600 1495913
97700 1497474
97800 1499262
97900 1500853
98000 1502690
98100 1504320
98200 1505947
98300 1507247
98400 1509186
98500 1510816
98600 1512536
98700 1514195
98800 1515860
98900 1517946
99000 1519239
99100 1521248
99200 1522998
99300 1524643
99400 1526109
99500 1527762
99600 1529767
99700 1531110
99800 1532810
99900 1534565
100000 1536115
