0 0
100 180
200 430
300 648
400 906
500 1174
600 1494
700 1772
800 2072
900 2403
1000 2694
1100 2982
1200 3311
1300 3572
1400 3928
1500 4256
1600 4561
1700 4957
1800 5316
1900 5654
2000 5958
2100 6317
2200 6736
2300 7012
2400 7455
2500 7798
2600 8174
2700 8537
2800 8841
2900 9204
3000 9571
3100 9931
3200 10424
3300 10619
3400 10955
3500 11400
3600 11846
3700 12269
3800 12631
3900 12858
4000 13287
4100 13655
4200 14197
4300 14533
4400 15034
4500 15365
4600 15699
4700 16336
4800 16596
4900 17052
5000 17598
5100 17865
5200 18128
5300 18465
5400 18924
5500 19467
5600 19834
5700 19988
5800 20693
5900 21242
6000 21466
6100 21756
6200 22247
6300 22750
6400 23037
6500 23552
6600 23669
6700 24447
6800 24928
6900 25451
7000 25511
7100 26111
7200 26875
7300 26814
7400 27280
7500 28058
7600 28207
7700 28675
7800 28732
7900 29426
8000 29707
8100 30472
8200 30859
8300 31113
8400 31399
8500 32051
8600 32620
8700 32581
8800 33333
8900 34091
9000 34178
9100 34302
9200 35268
9300 35283
9400 35869
9500 36518
9600 37104
9700 37359
9800 37717
9900 38301
10000 38940
10100 38997
10200 39737
10300 39986
10400 40668
10500 40883
10600 41412
10700 42174
10800 41871
10900 42700
11000 42933
11100 43865
11200 44292
11300 44614
11400 44914
11500 45541
11600 46232
11700 45903
11800 46906
11900 46685
12000 47842
12100 47906
12200 48115
12300 49593
12400 49888
12500 49988
12600 50658
12700 50574
12800 51156
12900 52154
13000 52407
13100 52790
13200 53626
13300 54173
13400 54254
13500 54589
13600 54981
13700 55173
13800 56238
13900 56402
14000 56969
14100 57140
14200 57651
14300 58755
14400 58363
14500 59102
14600 59641
14700 60769
14800 61166
14900 60653
15000 61868
15100 62212
15200 62706
15300 63845
15400 64350
15500 64246
15600 64492
15700 64873
15800 65567
15900 66175
16000 67034
16100 66267
16200 67736
16300 68483
16400 68751
16500 69306
16600 69346
16700 70033
16800 69894
16900 71541
17000 70783
17100 72236
17200 72148
17300 72815
17400 73090
17500 73564
17600 74363
17700 74496
17800 74893
17900 75542
18000 76729
18100 76037
18200 76611
18300 77586
18400 77669
18500 77636
18600 79124
18700 80043
18800 79966
18900 80224
19000 80832
19100 81742
19200 81927
19300 82221
19400 83438
19500 83170
19600 83701
19700 85064
19800 85436
19900 84520
20000 85677
20100 87053
20200 86513
20300 86634
20400 87875
20500 87759
20600 88795
20700 89571
20800 90401
20900 90862
21000 91023
21100 90900
21200 92317
21300 92556
21400 93322
21500 93578
21600 94494
21700 95142
21800 93630
21900 95829
22000 96276
22100 95510
22200 97275
22300 96734
22400 98569
22500 99312
22600 98425
22700 99142
22800 99594
22900 100109
23000 100584
23100 101220
23200 101684
23300 102609
23400 103305
23500 102910
23600 104576
23700 104706
23800 104571
23900 106083
24000 106545
24100 106110
24200 107014
24300 107856
24400 108028
24500 109375
24600 109403
24700 110251
24800 108966
24900 110930
25000 110678
25100 111904
25200 111643
25300 113075
25400 111622
25500 114002
25600 115297
25700 115129
25800 114335
25900 114970
26000 116408
26100 116945
26200 117770
26300 118234
26400 119554
26500 119157
26600 119876
26700 118360
26800 120223
26900 121468
27000 119770
27100 121980
27200 122220
27300 122837
27400 123241
27500 122741
27600 125095
27700 124545
27800 125914
27900 126111
28000 126339
28100 126896
28200 126769
28300 126947
28400 127691
28500 128787
28600 129848
28700 130538
28800 129954
28900 130805
29000 131378
29100 132798
29200 130814
29300 132718
29400 133873
29500 133156
29600 135470
29700 135026
29800 135555
29900 136969
30000 136380
30100 138061
30200 138117
30300 138200
30400 138836
30500 139366
30600 139514
30700 139724
30800 140696
30900 140779
31000 141822
31100 142316
31200 142454
31300 143879
31400 142845
31500 145259
31600 145721
31700 147242
31800 146348
31900 148274
32000 148229
32100 148562
32200 148959
32300 149043
32400 149336
32500 151057
32600 150327
32700 151554
32800 150847
32900 152814
33000 153333
33100 153303
33200 154564
33300 154400
33400 154056
33500 153644
33600 154725
33700 157784
33800 156652
33900 156076
34000 157474
34100 159158
34200 159377
34300 160525
34400 160548
34500 160089
34600 161388
34700 162352
34800 160711
34900 162812
35000 163705
35100 163863
35200 163688
35300 164347
35400 166013
35500 164937
35600 164392
35700 167355
35800 167253
35900 167843
36000 166539
36100 168822
36200 170436
36300 169215
36400 170197
36500 170453
36600 172206
36700 171304
36800 170883
36900 173989
37000 174087
37100 175012
37200 175361
37300 175832
37400 175376
37500 177081
37600 176130
37700 176988
37800 179412
37900 179240
38000 177220
38100 179741
38200 179638
38300 180980
38400 180993
38500 182745
38600 182773
38700 183206
38800 182165
38900 184045
39000 186318
39100 186441
39200 184850
39300 186520
39400 185898
39500 188071
39600 187947
39700 189404
39800 189346
39900 189238
40000 190041
40100 191388
40200 190661
40300 192285
40400 190409
40500 193273
40600 192861
40700 193830
40800 194799
40900 193161
41000 195601
41100 196635
41200 195599
41300 196216
41400 195651
41500 198146
41600 200134
41700 200897
41800 200923
41900 200917
42000 199320
42100 203354
42200 202463
42300 201429
42400 203622
42500 203209
42600 204811
42700 203407
42800 205273
42900 205993
43000 206111
43100 207076
43200 207616
43300 208346
43400 209091
43500 208829
43600 208484
43700 208953
43800 211085
43900 212036
44000 209955
44100 213509
44200 214448
44300 211286
44400 214669
44500 215283
44600 215201
44700 214856
44800 215905
44900 216039
45000 216240
45100 218241
45200 219252
45300 220305
45400 219792
45500 219287
45600 219960
45700 221342
45800 222090
45900 222720
46000 223456
46100 224558
46200 224999
46300 226031
46400 225327
46500 226542
46600 225844
46700 224878
46800 227368
46900 227946
47000 229713
47100 228590
47200 229380
47300 231767
47400 231543
47500 231930
47600 231837
47700 232797
47800 232121
47900 233361
48000 235214
48100 235689
48200 234220
48300 235622
48400 236578
48500 237455
48600 237044
48700 237744
48800 239073
48900 237475
49000 240127
49100 241976
49200 239975
49300 242302
49400 242347
49500 241143
49600 243386
49700 243950
49800 245206
49900 245764
50000 244254
50100 245112
50200 248214
50300 245858
50400 245917
50500 246395
50600 249971
50700 247828
50800 249557
50900 250022
51000 252779
51100 253458
51200 251944
51300 252830
51400 252096
51500 253377
51600 254376
51700 256496
51800 254624
51900 258357
52000 256570
52100 256507
52200 254668
52300 259221
52400 259893
52500 255134
52600 259834
52700 260924
52800 262487
52900 262577
53000 263162
53100 264003
53200 262624
53300 265177
53400 263849
53500 265555
53600 265829
53700 267271
53800 267053
53900 268597
54000 266454
54100 268286
54200 270082
54300 270483
54400 270400
54500 271470
54600 270441
54700 266909
54800 273104
54900 274654
55000 272158
55100 273785
55200 273440
55300 276599
55400 276063
55500 275845
55600 276665
55700 276748
55800 278863
55900 277717
56000 280665
56100 279887
56200 281104
56300 281673
56400 284007
56500 281739
56600 281455
56700 284508
56800 282449
56900 285334
57000 284208
57100 284039
57200 286439
57300 288219
57400 285558
57500 286405
57600 288220
57700 288468
57800 289270
57900 287755
58000 290925
58100 287752
58200 293154
58300 291615
58400 292324
58500 293773
58600 293982
58700 295065
58800 290635
58900 297080
59000 298392
59100 296552
59200 293656
59300 295898
59400 299574
59500 300771
59600 301720
59700 300804
59800 300102
59900 301408
60000 300777
60100 301691
60200 301569
60300 304476
60400 304232
60500 305741
60600 303666
60700 305026
60800 308160
60900 308048
61000 307682
61100 306588
61200 308788
61300 310628
61400 308435
61500 312450
61600 310200
61700 311699
61800 312322
61900 310947
62000 314361
62100 315106
62200 312012
62300 315335
62400 316545
62500 315323
62600 317560
62700 317547
62800 319909
62900 318759
63000 319685
63100 320271
63200 321281
63300 316446
63400 321474
63500 321162
63600 323602
63700 321754
63800 324232
63900 322745
64000 327387
64100 327274
64200 324519
64300 327098
64400 324210
64500 326573
64600 331160
64700 327777
64800 328870
64900 329950
65000 329250
65100 327355
65200 333214
65300 329024
65400 333189
65500 334072
65600 333572
65700 336149
65800 335157
65900 337131
66000 335479
66100 337213
66200 338563
66300 336251
66400 337161
66500 340027
66600 335273
66700 341315
66800 344035
66900 343487
67000 343592
67100 343548
67200 343219
67300 343118
67400 345185
67500 343728
67600 345244
67700 345780
67800 347170
67900 348830
68000 347181
68100 345855
68200 350556
68300 352499
68400 350257
68500 349197
68600 347927
68700 352814
68800 352491
68900 354256
69000 353530
69100 356119
69200 353742
69300 355069
69400 354936
69500 356735
69600 357513
69700 357483
69800 357232
69900 361042
70000 357963
70100 360313
70200 360110
70300 363377
70400 361673
70500 363694
70600 364209
70700 362398
70800 364739
70900 362188
71000 364498
71100 362109
71200 369044
71300 366462
71400 368374
71500 369887
71600 369339
71700 368336
71800 370793
71900 371693
72000 368817
72100 368653
72200 369959
72300 370676
72400 374666
72500 371802
72600 375878
72700 376441
72800 375106
72900 371834
73000 379398
73100 376584
73200 379991
73300 380677
73400 374802
73500 379540
73600 379432
73700 379824
73800 382499
73900 382016
74000 384410
74100 383613
74200 383137
74300 385201
74400 386406
74500 385189
74600 384789
74700 387184
74800 387390
74900 388683
75000 389235
75100 388984
75200 388130
75300 392118
75400 390405
75500 390532
75600 394430
75700 392425
75800 392826
75900 396957
76000 394886
76100 392223
76200 397347
76300 392095
76400 396895
76500 393203
76600 397692
76700 397456
76800 401314
76900 401102
77000 400357
77100 403622
77200 403704
77300 404054
77400 400451
77500 402252
77600 404652
77700 404420
77800 403941
77900 403708
78000 404990
78100 404079
78200 407187
78300 408990
78400 407890
78500 410070
78600 405013
78700 402652
78800 409145
78900 409066
79000 415151
79100 408613
79200 414264
79300 412902
79400 412971
79500 414257
79600 414044
79700 417835
79800 417375
79900 412975
80000 416356
80100 416675
80200 421546
80300 418750
80400 418808
80500 422541
80600 420005
80700 417085
80800 423620
80900 420469
81000 424522
81100 423255
81200 422990
81300 421563
81400 422662
81500 423495
81600 427455
81700 428459
81800 429556
81900 431256
82000 430185
82100 433914
82200 431932
82300 433854
82400 428881
82500 434044
82600 433475
82700 432803
82800 434846
82900 436173
83000 434473
83100 438866
83200 439146
83300 437172
83400 438017
83500 437151
83600 439845
83700 441032
83800 442123
83900 441242
84000 440779
84100 439570
84200 441762
84300 442711
84400 444131
84500 442090
84600 442841
84700 447244
84800 449522
84900 446216
85000 447483
85100 448038
85200 451592
85300 449920
85400 450903
85500 451535
85600 451704
85700 447211
85800 453729
85900 453053
86000 450249
86100 454660
86200 453594
86300 451832
86400 458306
86500 457365
86600 458209
86700 461151
86800 458694
86900 459490
87000 461176
87100 460389
87200 457568
87300 458503
87400 457220
87500 453436
87600 462718
87700 466513
87800 462914
87900 463986
88000 467794
88100 463741
88200 469288
88300 461176
88400 467817
88500 469378
88600 467244
88700 465384
88800 470359
88900 470143
89000 469872
89100 471460
89200 473026
89300 475648
89400 475710
89500 471300
89600 473472
89700 476053
89800 480175
89900 474763
90000 477877
90100 479429
90200 478817
90300 480095
90400 478606
90500 476338
90600 483794
90700 477884
90800 485566
90900 480796
91000 482078
91100 479820
91200 486374
91300 481508
91400 480990
91500 484526
91600 484602
91700 490966
91800 488368
91900 487745
92000 485706
92100 486280
92200 491746
92300 490329
92400 490756
92500 489759
92600 489795
92700 488113
92800 493244
92900 492896
93000 495913
93100 496516
93200 501352
93300 495932
93400 500821
93500 498966
93600 499379
93700 498688
93800 497146
93900 501371
94000 499974
94100 502464
94200 501646
94300 501933
94400 503524
94500 503742
94600 505281
94700 505986
94800 505375
94900 505643
95000 506938
95100 507980
95200 505040
95300 510751
95400 513093
95500 507926
95600 512217
95700 514724
95800 512476
95900 515820
96000 513718
96100 516682
96200 512066
96300 515693
96400 514441
96500 517114
96600 520821
96700 516233
96800 515424
96900 519002
97000 517620
97100 521749
97200 518313
97300 521514
97400 520564
97500 521542
97600 520017
97700 524172
97800 523479
97900 527575
98000 522561
98100 530557
98200 529287
98300 531092
98400 528336
98500 531543
98600 531169
98700 529958
98800 531437
98900 529884
99000 532472
99100 529340
99200 529412
99300 536120
99400 538193
99500 530765
99600 535223
99700 535659
99800 535447
99900 536574
100000 536332
