5 8.82
55 755.1
105 2709.84
155 6468.42
205 7951.62
255 14931.04
305 18655.6
355 26724.08
405 36325.6
455 46225.12
505 67575.6
555 81648.36
605 84352.66
655 109807.56
705 132775.14
755 126383.0
805 157409.98
855 199325.8
905 195379.84
955 272641.88
1005 270352.98
1055 328917.34
1105 347900.42
1155 345773.94
1205 375792.58
1255 406080.62
1305 319851.68
1355 492737.76
1405 556143.16
1455 493755.38
1505 728626.24
1555 642960.72
1605 590892.0
1655 683512.32
1705 838773.74
1755 749467.16
1805 777148.78
1855 675921.66
1905 1004025.62
1955 889447.08
