5 3.0
15 7.99
25 12.9
35 18.08
45 22.36
55 28.72
65 33.29
75 39.31
85 42.73
95 47.23
105 51.82
115 57.76
125 63.4
135 70.54
145 73.2
155 78.19
165 84.35
175 84.16
185 88.39
195 98.09
205 102.38
215 112.05
225 111.02
235 119.14
245 122.22
255 127.33
265 129.59
275 138.74
285 142.8
295 147.92
305 151.86
315 157.8
325 168.02
335 168.41
345 174.28
355 179.49
365 182.92
375 189.99
385 198.2
395 202.12
405 202.41
415 209.75
425 217.09
435 217.55
445 221.43
455 230.63
465 230.33
475 237.22
485 247.82
495 245.72
