100 300
200 600
300 900
400 1200
500 1500
600 1800
700 2100
800 2400
900 2700
1000 3000
1100 3300
1200 3600
1300 3900
1400 4200
1500 4500
1600 4800
1700 5100
1800 5400
1900 5700
2000 6000
2100 6300
2200 6600
2300 6900
2400 7200
2500 7500
2600 7800
2700 8100
2800 8400
2900 8700
3000 9000
3100 9300
3200 9600
3300 9900
3400 10200
3500 10500
3600 10800
3700 11100
3800 11400
3900 11700
4000 12000
4100 12300
4200 12600
4300 12900
4400 13200
4500 13500
4600 13800
4700 14100
4800 14400
4900 14700
5000 15000
5100 15300
5200 15600
5300 15900
5400 16200
5500 16500
5600 16800
5700 17100
5800 17400
5900 17700
6000 18000
6100 18300
6200 18600
6300 18900
6400 19200
6500 19500
6600 19800
6700 20100
6800 20400
6900 20700
7000 21000
7100 21300
7200 21600
7300 21900
7400 22200
7500 22500
7600 22800
7700 23100
7800 23400
7900 23700
8000 24000
8100 24300
8200 24600
8300 24900
8400 25200
8500 25500
8600 25800
8700 26100
8800 26400
8900 26700
9000 27000
9100 27300
9200 27600
9300 27900
9400 28200
9500 28500
9600 28800
9700 29100
9800 29400
9900 29700
10000 30000
10100 30300
10200 30600
10300 30900
10400 31200
10500 31500
10600 31800
10700 32100
10800 32400
10900 32700
11000 33000
11100 33300
11200 33600
11300 33900
11400 34200
11500 34500
11600 34800
11700 35100
11800 35400
11900 35700
12000 36000
12100 36300
12200 36600
12300 36900
12400 37200
12500 37500
12600 37800
12700 38100
12800 38400
12900 38700
13000 39000
13100 39300
13200 39600
13300 39900
13400 40200
13500 40500
13600 40800
13700 41100
13800 41400
13900 41700
14000 42000
14100 42300
14200 42600
14300 42900
14400 43200
14500 43500
14600 43800
14700 44100
14800 44400
14900 44700
15000 45000
15100 45300
15200 45600
15300 45900
15400 46200
15500 46500
15600 46800
15700 47100
15800 47400
15900 47700
16000 48000
16100 48300
16200 48600
16300 48900
16400 49200
16500 49500
16600 49800
16700 50100
16800 50400
16900 50700
17000 51000
17100 51300
17200 51600
17300 51900
17400 52200
17500 52500
17600 52800
17700 53100
17800 53400
17900 53700
18000 54000
18100 54300
18200 54600
18300 54900
18400 55200
18500 55500
18600 55800
18700 56100
18800 56400
18900 56700
19000 57000
19100 57300
19200 57600
19300 57900
19400 58200
19500 58500
19600 58800
19700 59100
19800 59400
19900 59700
20000 60000
20100 60300
20200 60600
20300 60900
20400 61200
20500 61500
20600 61800
20700 62100
20800 62400
20900 62700
21000 63000
21100 63300
21200 63600
21300 63900
21400 64200
21500 64500
21600 64800
21700 65100
21800 65400
21900 65700
22000 66000
22100 66300
22200 66600
22300 66900
22400 67200
22500 67500
22600 67800
22700 68100
22800 68400
22900 68700
23000 69000
23100 69300
23200 69600
23300 69900
23400 70200
23500 70500
23600 70800
23700 71100
23800 71400
23900 71700
24000 72000
24100 72300
24200 72600
24300 72900
24400 73200
24500 73500
24600 73800
24700 74100
24800 74400
24900 74700
25000 75000
25100 75300
25200 75600
25300 75900
25400 76200
25500 76500
25600 76800
25700 77100
25800 77400
25900 77700
26000 78000
26100 78300
26200 78600
26300 78900
26400 79200
26500 79500
26600 79800
26700 80100
26800 80400
26900 80700
27000 81000
27100 81300
27200 81600
27300 81900
27400 82200
27500 82500
27600 82800
27700 83100
27800 83400
27900 83700
28000 84000
28100 84300
28200 84600
28300 84900
28400 85200
28500 85500
28600 85800
28700 86100
28800 86400
28900 86700
29000 87000
29100 87300
29200 87600
29300 87900
29400 88200
29500 88500
29600 88800
29700 89100
29800 89400
29900 89700
30000 90000
30100 90300
30200 90600
30300 90900
30400 91200
30500 91500
30600 91800
30700 92100
30800 92400
30900 92700
31000 93000
31100 93300
31200 93600
31300 93900
31400 94200
31500 94500
31600 94800
31700 95100
31800 95400
31900 95700
32000 96000
32100 96300
32200 96600
32300 96900
32400 97200
32500 97500
32600 97800
32700 98100
32800 98400
32900 98700
33000 99000
33100 99300
33200 99600
33300 99900
33400 100200
33500 100500
33600 100800
33700 101100
33800 101400
33900 101700
34000 102000
34100 102300
34200 102600
34300 102900
34400 103200
34500 103500
34600 103800
34700 104100
34800 104400
34900 104700
35000 105000
35100 105300
35200 1056