100 549
200 1844
300 3941
400 6913
500 10762
600 15539
700 21294
800 28004
900 35734
1000 44425
1100 54158
1200 64944
1300 76775
1400 89691
1500 103656
1600 118680
1700 134810
1800 152055
1900 170345
2000 189734
2100 210264
2200 231933
2300 254733
2400 278706
2500 303802
2600 330047
2700 357477
2800 386070
2900 415856
3000 446775
3100 478903
3200 512168
3300 546598
3400 582217
3500 619067
3600 657112
3700 696348
3800 736751
3900 778355
4000 821155
4100 865146
4200 910360
4300 956773
4400 1004509
4500 1053507
4600 1103684
4700 1155072
4800 1207797
4900 1261731
5000 1316934
5100 1373405
5200 1431108
5300 1490081
5400 1550289
5500 1611827
5600 1674577
5700 1738612
5800 1803960
5900 1870480
6000 1938251
6100 2007308
6200 2077718
6300 2149384
6400 2222341
6500 2296526
6600 2372025
6700 2448873
6800 2526894
6900 2606265
7000 2686942
7100 2768943
7200 2852250
7300 2936778
7400 3022629
7500 3109777
7600 3198238
7700 3288017
7800 3379068
7900 3471447
8000 3565134
8100 3660079
8200 3756345
8300 3853976
8400 3952882
8500 4053204
8600 4154774
8700 4257846
8800 4362171
8900 4467821
9000 4574925
9100 4683288
9200 4792996
9300 4904040
9400 5016341
9500 5130044
9600 5245105
9700 5361520
9800 5479316
9900 5598400
10000 5718858
10100 5840750
10200 5963926
10300 6088470
10400 6214339
10500 6341688
10600 6470361
10700 6600356
10800 6731703
10900 6864393
11000 6998451
11100 7133836
11200 7270589
11300 7408747
11400 7548299
11500 7689105
11600 7831422
11700 7975068
11800 8120014
11900 8266431
12000 8414081
12100 8563106
12200 8713485
12300 8865285
12400 9018468
12500 9173023
12600 9329026
12700 9486330
12800 9645067
12900 9805272
13000 9966732
13100 10129653
13200 10293870
13300 10459535
13400 10626653
13500 10795115
13600 10964887
13700 11136191
13800 11308840
13900 11482874
14000 11658250
14100 11835084
14200 12013344
14300 12192976
14400 12373900
14500 12556267
14600 12739999
14700 12925168
14800 13111641
14900 13299651
15000 13488998
15100 13679779
15200 13871984
15300 14065626
15400 14260626
15500 14456887
15600 14654589
15700 14853719
15800 15054222
15900 15256147
16000 15459525
16100 15664290
16200 15870402
16300 16077970
16400 16286945
16500 16497293
16600 16709175
16700 16922534
16800 17137173
16900 17353287
17000 17570973
17100 17790018
17200 18010544
17300 18232453
17400 18455964
17500 18680800
17600 18907065
17700 19134690
17800 19363829
17900 19594340
18000 19826380
18100 20059832
18200 20294760
18300 20531083
18400 20768878
18500 21008088
18600 21248696
18700 21490747
18800 21734176
18900 21979130
19000 22225567
19100 22473525
19200 22722761
19300 22973551
19400 23225712
19500 23479451
19600 23734580
19700 23991237
19800 24249189
19900 24508653
20000 24769614
20100 25031992
20200 25295848
20300 25561077
20400 25827765
20500 26095903
20600 26365537
20700 26636713
20800 26909175
20900 27183293
21000 27458874
21100 27735827
21200 28014290
21300 28294095
21400 28575457
21500 28858359
21600 29142574
21700 29428254
21800 29715293
21900 30003952
22000 30294098
22100 30585639
22200 30878678
22300 31173212
22400 31469180
22500 31766642
22600 32065563
22700 32365941
22800 32667822
22900 32971077
23000 33275726
23100 33582043
23200 33889756
23300 34198958
23400 34509525
23500 34821599
23600 35135093
23700 35450089
23800 35766672
23900 36084530
24000 36403915
24100 36724780
24200 37047016
24300 37370798
24400 37695995
24500 38022794
24600 38350964
24700 38680637
24800 39011756
24900 39344281
25000 39678325
25100 40013984
25200 40350968
25300 40689457
25400 41029514
25500 41371143
25600 41714164
25700 42058724
25800 42404869
25900 42752407
26000 43101317
26100 43451971
26200 43803947
26300 44157436
26400 44512262
26500 44868775
26600 45226643
26700 45585979
26800 45946861
26900 46309208
27000 46672998
27100 47038350
27200 47405078
27300 47773382
27400 48143288
27500 48514476
27600 48887268
27700 49261566
27800 49637285
27900 50014397
28000 50393067
28100 50773183
28200 51154640
28300 51537807
28400 51922464
28500 52308534
28600 52696075
28700 53085245
28800 53475801
28900 53867870
29000 54261476
29100 54656501
29200 55052915
29300 55450894
29400 55850361
29500 56251481
29600 56654014
29700 57058053
29800 57463555
29900 57870487
30000 58278991
30100 58688990
30200 59100503
30300 59513374
30400 59927815
30500 60343798
30600 60761269
30700 61180053
30800 61600427
30900 62022451
31000 62445774
31100 62870652
31200 63297003
31300 63724884
31400 64154243
31500 64585159
31600 65017712
31700 65451734
31800 65887299
31900 66324203
32000 66762628
32100 67202532
32200 67643911
32300 68087030
32400 68531514
32500 68977403
32600 69424797
32700 69873869
32800 70324336
32900 70776320
33000 71229833
33100 71685008
33200 72141681
33300 72599965
33400 73059672
33500 73520876
33600 73983697
33700 74448055
33800 74913833
33900 75381289
34000 75850223
34100 76320841
34200 76792853
34300 77266463
34400 77741644
34500 78218389
34600 78696632
34700 79176422
34800 79657578
34900 80140429
35000 80624782
35100 81110765
35200 81598245
35300 82087248
35400 82577773
35500 83069914
35600 83563493
35700 84058773
35800 84555457
35900 85053704
36000 85553508
36100 86054945
36200 86557865
36300 87062396
36400 87568385
36500 88075903
36600 88585005
36700 89095541
36800 89607686
36900 90121325
37000 90636519
37100 91153331
37200 91671497
37300 92191426
37400 92712783
37500 93235758
37600 93760129
37700 94286123
37800 94813780
37900 95342922
38000 95873544
38100 96405733
38200 96939468
38300 97474857
38400 98011886
38500 98550534
38600 99090585
38700 99632425
38800 100175589
38900 100720270
39000 101266621
39100 101814498
39200 102363821
39300 102914794
39400 103467298
39500 104021247
39600 104576741
39700 105133973
39800 105692605
39900 106252914
40000 106814832
40100 107378251
40200 107943273
40300 108509709
40400 109077626
40500 109647271
40600 110218291
40700 110791065
40800 111365416
40900 111941300
41000 112518548
41100 113097481
41200 113677685
41300 114259776
41400 114843302
41500 115428334
41600 116014945
41700 116603203
41800 117193022
41900 117784424
42000 118377338
42100 118971982
42200 119568033
42300 120165519
42400 120764570
42500 121365348
42600 121967601
42700 122571458
42800 123176851
42900 123783988
43000 124392584
43100 125002643
43200 125614241
43300 126227458
43400 126842241
43500 127458630
43600 128076544
43700 128695945
43800 129316986
43900 129939518
44000 130563651
44100 131189307
44200 131816470
44300 132445276
44400 133075567
44500 133707399
44600 134340955
44700 134975905
44800 135612504
44900 136250729
45000 136890344
45100 137531516
45200 138174313
45300 138818749
45400 139464765
45500 140112264
45600 140761441
45700 141412313
45800 142064469
45900 142718317
46000 143373524
46100 144030265
46200 144688942
46300 145349021
46400 146010646
46500 146673874
46600 147338676
46700 148004937
46800 148672743
46900 149342302
47000 150013335
47100 150685855
47200 151359973
47300 152035629
47400 152712907
47500 153391843
47600 154072299
47700 154754219
47800 155437723
47900 156123019
48000 156809598
48100 157497848
48200 158187808
48300 158879168
48400 159572140
48500 160266651
48600 160962791
48700 161660407
48800 162359779
48900 163060573
49000 163763052
49100 164467016
49200 165172624
49300 165879736
49400 166588509
49500 167298724
49600 168010689
49700 168724033
49800 169439182
49900 170155650
50000 170873856
50100 171593660
50200 172314884
50300 173037777
50400 173762232
50500 174488241
50600 175215744
50700 175944927
50800 176675759
50900 177408093
51000 178141933
51100 178877330
51200 179614595
51300 180353446
51400 181093925
51500 181835918
51600 182579315
51700 183324283
51800 184070926
51900 184819014
52000 185568933
52100 186320206
52200 187073241
52300 187827780
52400 188583680
52500 189341352
52600 190100444
52700 190861231
52800 191623943
52900 192387886
53000 193153602
53100 193920757
53200 194689504
53300 195459927
53400 196231665
53500 197005237
53600 197780311
53700 198557182
53800 199335529
53900 200115422
54000 200896759
54100 201679821
54200 202464461
54300 203250707
54400 204038638
54500 204828096
54600 205619204
54700 206412127
54800 207206514
54900 208002427
55000 208799899
55100 209598923
55200 210399519
55300 211201650
55400 212005228
55500 212810710
55600 213617740
55700 214426431
55800 215236617
55900 216048404
56000 216861708
56100 217676682
56200 218493365
56300 219311372
56400 220131044
56500 220952294
56600 221774949
56700 222599283
56800 223425265
56900 224252815
57000 225081998
57100 225912734
57200 226745010
57300 227578984
57400 228414601
57500 229251757
57600 230090467
57700 230930897
57800 231772872
57900 232616635
58000 233461720
58100 234308447
58200 235156951
58300 236006827
58400 236858226
58500 237711296
58600 238566188
58700 239422494
58800 240280570
58900 241140017
59000 242001246
59100 242863639
59200 243727791
59300 244593604
59400 245460865
59500 246330082
59600 247200656
59700 248072946
59800 248946813
59900 249822284
60000 250699361
60100 251578055
60200 252458301
60300 253340075
60400 254223491
60500 255108644
60600 255995386
60700 256883478
60800 257773067
60900 258664636
61000 259557853
61100 260452420
61200 261348478
61300 262246294
61400 263145630
61500 264046595
61600 264949217
61700 265853397
61800 266759271
61900 267666596
62000 268575483
62100 269486313
62200 270398377
62300 271312280
62400 272227597
62500 273144421
62600 274062998
62700 274983002
62800 275904713
62900 276828119
63000 277753024
63100 278679686
63200 279607789
63300 280537445
63400 281468690
63500 282401614
63600 283336159
63700 284272294
63800 285210015
63900 286149221
64000 287090164
64100 288032908
64200 288977133
64300 289922920
64400 290870253
64500 291819144
64600 292769532
64700 293721563
64800 294675258
64900 295630610
65000 296587475
65100 297546109
65200 298506147
65300 299467876
65400 300431228
65500 301396181
65600 302362619
65700 303330796
65800 304300622
65900 305272109
66000 306245137
66100 307219874
66200 308196441
66300 309174371
66400 310154020
66500 311135230
66600 312118014
66700 313102616
66800 314088826
66900 315076688
67000 316066144
67100 317057472
67200 318050210
67300 319044686
67400 320040770
67500 321038554
67600 322037909
67700 323038860
67800 324041432
67900 325046126
68000 326052171
68100 327059986
68200 328069632
68300 329080672
68400 330093136
68500 331107302
68600 332123420
68700 333141126
68800 334160323
68900 335181358
69000 336203984
69100 337228074
69200 338253810
69300 339281226
69400 340310372
69500 341341012
69600 342373445
69700 343407383
69800 344442916
69900 345480245
70000 346519131
70100 347559714
70200 348601900
70300 349645768
70400 350691410
70500 351738693
70600 352787714
70700 353837996
70800 354890067
70900 355943705
71000 356999245
71100 358056352
71200 359115097
71300 360175550
71400 361237640
71500 362301337
71600 363366549
71700 364433413
71800 365501978
71900 366572097
72000 367644031
72100 368717573
72200 369792697
72300 370869649
72400 371948130
72500 373028505
72600 374110331
72700 375193741
72800 376278816
72900 377365261
73000 378453550
73100 379543273
73200 380634513
73300 381727404
73400 382822097
73500 383918329
73600 385016131
73700 386115618
73800 387216879
73900 388319729
74000 389424282
74100 390530515
74200 391638174
74300 392747704
74400 393858951
74500 394971824
74600 396086324
74700 397202513
74800 398320153
74900 399439618
75000 400560783
75100 401683468
75200 402807722
75300 403933639
75400 405061124
75500 406190342
75600 407321236
75700 408453887
75800 409588317
75900 410724122
76000 411861369
76100 413000486
76200 414141179
76300 415283875
76400 416427749
76500 417573422
76600 418720958
76700 419869799
76800 421020547
76900 422172705
77000 423326717
77100 424482316
77200 425639591
77300 426798462
77400 427958942
77500 429121019
77600 430284778
77700 431450135
77800 432617346
77900 433786053
78000 434956332
78100 436128475
78200 437302205
78300 438477633
78400 439654610
78500 440833280
78600 442013432
78700 443195155
78800 444378584
78900 445563729
79000 446750511
79100 447939075
79200 449129268
79300 450321248
79400 451514932
79500 452710455
79600 453907629
79700 455106320
79800 456306659
79900 457508442
80000 458711953
80100 459916903
80200 461123736
80300 462332057
80400 463542368
80500 464754280
80600 465967858
80700 467182847
80800 468399492
80900 469617823
81000 470838037
81100 472059442
81200 473282558
81300 474507345
81400 475733761
81500 476961455
81600 478190997
81700 479422248
81800 480655284
81900 481890012
82000 483126162
82100 484364419
82200 485604394
82300 486845806
82400 488088762
82500 489333406
82600 490579691
82700 491827519
82800 493077125
82900 494328632
83000 495581957
83100 496836778
83200 498093058
83300 499351135
83400 500610745
83500 501872195
83600 503135423
83700 504400297
83800 505666849
83900 506934940
84000 508204726
84100 509475974
84200 510748973
84300 512023727
84400 513300070
84500 514578211
84600 515857835
84700 517139143
84800 518422229
84900 519706898
85000 520993053
85100 522280984
85200 523570702
85300 524861971
85400 526155168
85500 527449435
85600 528745647
85700 530043572
85800 531343182
85900 532644358
86000 533947063
86100 535251554
86200 536557654
86300 537865464
86400 539174714
86500 540485734
86600 541798408
86700 543112825
86800 544428811
86900 545746658
87000 547066186
87100 548387216
87200 549709943
87300 551034144
87400 552360230
87500 553688015
87600 555017354
87700 556348428
87800 557680886
87900 559014969
88000 560350968
88100 561688532
88200 563027816
88300 564368566
88400 565711128
88500 567055124
88600 568401052
88700 569748665
88800 571097847
88900 572448590
89000 573800968
89100 575155141
89200 576511207
89300 577869166
89400 579228668
89500 580589761
89600 581952668
89700 583317248
89800 584683620
89900 586051474
90000 587421280
90100 588792422
90200 590165339
90300 591539733
90400 592916077
90500 594294005
90600 595673659
90700 597054589
90800 598437417
90900 599821977
91000 601208082
91100 602595671
91200 603985305
91300 605376321
91400 606769303
91500 608163935
91600 609560098
91700 610957950
91800 612357347
91900 613758512
92000 615161335
92100 616565790
92200 617971621
92300 619379357
92400 620788566
92500 622199298
92600 623611601
92700 625025696
92800 626441523
92900 627858930
93000 629278153
93100 630698874
93200 632121335
93300 633545549
93400 634971348
93500 636398886
93600 637828226
93700 639259067
93800 640691657
93900 642125940
94000 643561906
94100 644999299
94200 646438406
94300 647879458
94400 649321907
94500 650766115
94600 652212117
94700 653659391
94800 655108582
94900 656559537
95000 658012129
95100 659466428
95200 660922264
95300 662379880
95400 663839445
95500 665300185
95600 666763074
95700 668227174
95800 669693160
95900 671160815
96000 672629904
96100 674100903
96200 675573512
96300 677047948
96400 678523719
96500 680001008
96600 681480227
96700 682960928
96800 684443207
96900 685927269
97000 687413081
97100 688900647
97200 690390065
97300 691880927
97400 693373516
97500 694867589
97600 696363833
97700 697861436
97800 699360602
97900 700861612
98000 702364087
98100 703868311
98200 705374093
98300 706881657
98400 708390995
98500 709901887
98600 711414477
98700 712928715
98800 714444638
98900 715962444
99000 717481617
99100 719002566
99200 720525181
99300 722049096
99400 723575179
99500 725102971
99600 726632131
99700 728163025
99800 729695796
99900 731230375
100000 732766687
