100 672
200 2216
300 4704
400 8192
500 12680
600 18256
700 24932
800 32708
900 41584
1000 51560
1100 62712
1200 75064
1300 88616
1400 103368
1500 119320
1600 136472
1700 154824
1800 174376
1900 195128
2000 217080
2100 240284
2200 264788
2300 290592
2400 317696
2500 346100
2600 375804
2700 406808
2800 439112
2900 472716
3000 507620
3100 543824
3200 581328
3300 620132
3400 660236
3500 701640
3600 744344
3700 788348
3800 833652
3900 880256
4000 928160
4100 977368
4200 1027976
4300 1079984
4400 1133392
4500 1188200
4600 1244408
4700 1302016
4800 1361024
4900 1421432
5000 1483240
5100 1546448
5200 1611056
5300 1677064
5400 1744472
5500 1813280
5600 1883488
5700 1955096
5800 2028104
5900 2102512
6000 2178320
6100 2255528
6200 2334136
6300 2414144
6400 2495552
6500 2578360
6600 2662568
6700 2748176
6800 2835184
6900 2923592
7000 3013400
7100 3104608
7200 3197216
7300 3291224
7400 3386632
7500 3483440
7600 3581648
7700 3681256
7800 3782264
7900 3884672
8000 3988480
8100 4093688
8200 4200304
8300 4308420
8400 4418036
8500 4529152
8600 4641768
8700 4755884
8800 4871500
8900 4988616
9000 5107232
9100 5227348
9200 5348964
9300 5472080
9400 5596696
9500 5722812
9600 5850428
9700 5979544
9800 6110160
9900 6242276
10000 6375892
10100 6511008
10200 6647624
10300 6785740
10400 6925356
10500 7066472
10600 7209088
10700 7353204
10800 7498820
10900 7645936
11000 7794552
11100 7944668
11200 8096284
11300 8249400
11400 8404016
11500 8560132
11600 8717748
11700 8876864
11800 9037480
11900 9199596
12000 9363212
12100 9528328
12200 9694944
12300 9863060
12400 10032676
12500 10203792
12600 10376408
12700 10550524
12800 10726140
12900 10903256
13000 11081872
13100 11261988
13200 11443604
13300 11626720
13400 11811336
13500 11997452
13600 12185068
13700 12374184
13800 12564800
13900 12756916
14000 12950532
14100 13145648
14200 13342264
14300 13540380
14400 13739996
14500 13941112
14600 14143728
14700 14347844
14800 14553460
14900 14760576
15000 14969192
15100 15179308
15200 15390924
15300 15604040
15400 15818656
15500 16034772
15600 16252388
15700 16471504
15800 16692120
15900 16914236
16000 17137852
16100 17362968
16200 17589584
16300 17817700
16400 18047332
16500 18278564
16600 18511396
16700 18745828
16800 18981860
16900 19219492
17000 19458724
17100 19699556
17200 19941988
17300 20186020
17400 20431652
17500 20678884
17600 20927716
17700 21178148
17800 21430180
17900 21683812
18000 21939044
18100 22195876
18200 22454308
18300 22714340
18400 22975972
18500 23239204
18600 23504036
18700 23770468
18800 24038500
18900 24308132
19000 24579364
19100 24852196
19200 25126628
19300 25402660
19400 25680292
19500 25959524
19600 26240356
19700 26522788
19800 26806820
19900 27092452
20000 27379684
20100 27668516
20200 27958948
20300 28250980
20400 28544612
20500 28839844
20600 29136676
20700 29435108
20800 29735140
20900 30036772
21000 30340004
21100 30644836
21200 30951268
21300 31259300
21400 31568932
21500 31880164
21600 32192996
21700 32507428
21800 32823460
21900 33141092
22000 33460324
22100 33781156
22200 34103588
22300 34427620
22400 34753252
22500 35080484
22600 35409316
22700 35739748
22800 36071780
22900 36405412
23000 36740644
23100 37077476
23200 37415908
23300 37755940
23400 38097572
23500 38440804
23600 38785636
23700 39132068
23800 39480100
23900 39829732
24000 40180964
24100 40533796
24200 40888228
24300 41244260
24400 41601892
24500 41961124
24600 42321956
24700 42684388
24800 43048420
24900 43414052
25000 43781284
25100 44150116
25200 44520548
25300 44892580
25400 45266212
25500 45641444
25600 46018276
25700 46396708
25800 46776740
25900 47158372
26000 47541604
26100 47926436
26200 48312868
26300 48700900
26400 49090532
26500 49481764
26600 49874596
26700 50269028
26800 50665060
26900 51062692
27000 51461924
27100 51862756
27200 52265188
27300 52669220
27400 53074852
27500 53482084
27600 53890916
27700 54301348
27800 54713380
27900 55127012
28000 55542244
28100 55959076
28200 56377508
28300 56797540
28400 57219172
28500 57642404
28600 58067236
28700 58493668
28800 58921700
28900 59351332
29000 59782564
29100 60215396
29200 60649828
29300 61085860
29400 61523492
29500 61962724
29600 62403556
29700 62845988
29800 63290020
29900 63735652
30000 64182884
30100 64631716
30200 65082148
30300 65534180
30400 65987812
30500 66443044
30600 66899876
30700 67358308
30800 67818340
30900 68279972
31000 68743204
31100 69208036
31200 69674468
31300 70142500
31400 70612132
31500 71083364
31600 71556196
31700 72030628
31800 72506660
31900 72984292
32000 73463524
32100 73944356
32200 74426788
32300 74910820
32400 75396452
32500 75883684
32600 76372516
32700 76862948
32800 77355012
32900 77848776
33000 78344240
33100 78841404
33200 79340268
33300 79840832
33400 80343096
33500 80847060
33600 81352724
33700 81860088
33800 82369152
33900 82879916
34000 83392380
34100 83906544
34200 84422408
34300 84939972
34400 85459236
34500 85980200
34600 86502864
34700 87027228
34800 87553292
34900 88081056
35000 88610520
35100 89141684
35200 89674548
35300 90209112
35400 90745376
35500 91283340
35600 91823004
35700 92364368
35800 92907432
35900 93452196
36000 93998660
36100 94546824
36200 95096688
36300 95648252
36400 96201516
36500 96756480
36600 97313144
36700 97871508
36800 98431572
36900 98993336
37000 99556800
37100 100121964
37200 100688828
37300 101257392
37400 101827656
37500 102399620
37600 102973284
37700 103548648
37800 104125712
37900 104704476
38000 105284940
38100 105867104
38200 106450968
38300 107036532
38400 107623796
38500 108212760
38600 108803424
38700 109395788
38800 109989852
38900 110585616
39000 111183080
39100 111782244
39200 112383108
39300 112985672
39400 113589936
39500 114195900
39600 114803564
39700 115412928
39800 116023992
39900 116636756
40000 117251220
40100 117867384
40200 118485248
40300 119104812
40400 119726076
40500 120349040
40600 120973704
40700 121600068
40800 122228132
40900 122857896
41000 123489360
41100 124122524
41200 124757388
41300 125393952
41400 126032216
41500 126672180
41600 127313844
41700 127957208
41800 128602272
41900 129249036
42000 129897500
42100 130547664
42200 131199528
42300 131853092
42400 132508356
42500 133165320
42600 133823984
42700 134484348
42800 135146412
42900 135810176
43000 136475640
43100 137142804
43200 137811668
43300 138482232
43400 139154496
43500 139828460
43600 140504124
43700 141181488
43800 141860552
43900 142541316
44000 143223780
44100 143907944
44200 144593808
44300 145281372
44400 145970636
44500 146661600
44600 147354264
44700 148048628
44800 148744692
44900 149442456
45000 150141920
45100 150843084
45200 151545948
45300 152250512
45400 152956776
45500 153664740
45600 154374404
45700 155085768
45800 155798832
45900 156513596
46000 157230060
46100 157948224
46200 158668088
46300 159389652
46400 160112916
46500 160837880
46600 161564544
46700 162292908
46800 163022972
46900 163754736
47000 164488200
47100 165223364
47200 165960228
47300 166698792
47400 167439056
47500 168181020
47600 168924684
47700 169670048
47800 170417112
47900 171165876
48000 171916340
48100 172668504
48200 173422368
48300 174177932
48400 174935196
48500 175694160
48600 176454824
48700 177217188
48800 177981252
48900 178747016
49000 179514480
49100 180283644
49200 181054508
49300 181827072
49400 182601336
49500 183377300
49600 184154964
49700 184934328
49800 185715392
49900 186498156
50000 187282620
50100 188068784
50200 188856648
50300 189646212
50400 190437476
50500 191230440
50600 192025104
50700 192821468
50800 193619532
50900 194419296
51000 195220760
51100 196023924
51200 196828788
51300 197635352
51400 198443616
51500 199253580
51600 200065244
51700 200878608
51800 201693672
51900 202510436
52000 203328900
52100 204149064
52200 204970928
52300 205794492
52400 206619756
52500 207446720
52600 208275384
52700 209105748
52800 209937812
52900 210771576
53000 211607040
53100 212444204
53200 213283068
53300 214123632
53400 214965896
53500 215809860
53600 216655524
53700 217502888
53800 218351952
53900 219202716
54000 220055180
54100 220909344
54200 221765208
54300 222622772
54400 223482036
54500 224343000
54600 225205664
54700 226070028
54800 226936092
54900 227803856
55000 228673320
55100 229544484
55200 230417348
55300 231291912
55400 232168176
55500 233046140
55600 233925804
55700 234807168
55800 235690232
55900 236574996
56000 237461460
56100 238349624
56200 239239488
56300 240131052
56400 241024316
56500 241919280
56600 242815944
56700 243714308
56800 244614372
56900 245516136
57000 246419600
57100 247324764
57200 248231628
57300 249140192
57400 250050456
57500 250962420
57600 251876084
57700 252791448
57800 253708512
57900 254627276
58000 255547740
58100 256469904
58200 257393768
58300 258319332
58400 259246596
58500 260175560
58600 261106224
58700 262038588
58800 262972652
58900 263908416
59000 264845880
59100 265785044
59200 266725908
59300 267668472
59400 268612736
59500 269558700
59600 270506364
59700 271455728
59800 272406792
59900 273359556
60000 274314020
60100 275270184
60200 276228048
60300 277187612
60400 278148876
60500 279111840
60600 280076504
60700 281042868
60800 282010932
60900 282980696
61000 283952160
61100 284925324
61200 285900188
61300 286876752
61400 287855016
61500 288834980
61600 289816644
61700 290800008
61800 291785072
61900 292771836
62000 293760300
62100 294750464
62200 295742328
62300 296735892
62400 297731156
62500 298728120
62600 299726784
62700 300727148
62800 301729212
62900 302732976
63000 303738440
63100 304745604
63200 305754468
63300 306765032
63400 307777296
63500 308791260
63600 309806924
63700 310824288
63800 311843352
63900 312864116
64000 313886580
64100 314910744
64200 315936608
64300 316964172
64400 317993436
64500 319024400
64600 320057064
64700 321091428
64800 322127492
64900 323165256
65000 324204720
65100 325245884
65200 326288748
65300 327333312
65400 328379576
65500 329427540
65600 330477268
65700 331528796
65800 332582124
65900 333637252
66000 334694180
66100 335752908
66200 336813436
66300 337875764
66400 338939892
66500 340005820
66600 341073548
66700 342143076
66800 343214404
66900 344287532
67000 345362460
67100 346439188
67200 347517716
67300 348598044
67400 349680172
67500 350764100
67600 351849828
67700 352937356
67800 354026684
67900 355117812
68000 356210740
68100 357305468
68200 358401996
68300 359500324
68400 360600452
68500 361702380
68600 362806108
68700 363911636
68800 365018964
68900 366128092
69000 367239020
69100 368351748
69200 369466276
69300 370582604
69400 371700732
69500 372820660
69600 373942388
69700 375065916
69800 376191244
69900 377318372
70000 378447300
70100 379578028
70200 380710556
70300 381844884
70400 382981012
70500 384118940
70600 385258668
70700 386400196
70800 387543524
70900 388688652
71000 389835580
71100 390984308
71200 392134836
71300 393287164
71400 394441292
71500 395597220
71600 396754948
71700 397914476
71800 399075804
71900 400238932
72000 401403860
72100 402570588
72200 403739116
72300 404909444
72400 406081572
72500 407255500
72600 408431228
72700 409608756
72800 410788084
72900 411969212
73000 413152140
73100 414336868
73200 415523396
73300 416711724
73400 417901852
73500 419093780
73600 420287508
73700 421483036
73800 422680364
73900 423879492
74000 425080420
74100 426283148
74200 427487676
74300 428694004
74400 429902132
74500 431112060
74600 432323788
74700 433537316
74800 434752644
74900 435969772
75000 437188700
75100 438409428
75200 439631956
75300 440856284
75400 442082412
75500 443310340
75600 444540068
75700 445771596
75800 447004924
75900 448240052
76000 449476980
76100 450715708
76200 451956236
76300 453198564
76400 454442692
76500 455688620
76600 456936348
76700 458185876
76800 459437204
76900 460690332
77000 461945260
77100 463201988
77200 464460516
77300 465720844
77400 466982972
77500 468246900
77600 469512628
77700 470780156
77800 472049484
77900 473320612
78000 474593540
78100 475868268
78200 477144796
78300 478423124
78400 479703252
78500 480985180
78600 482268908
78700 483554436
78800 484841764
78900 486130892
79000 487421820
79100 488714548
79200 490009076
79300 491305404
79400 492603532
79500 493903460
79600 495205188
79700 496508716
79800 497814044
79900 499121172
80000 500430100
80100 501740828
80200 503053356
80300 504367684
80400 505683812
80500 507001740
80600 508321468
80700 509642996
80800 510966324
80900 512291452
81000 513618380
81100 514947108
81200 516277636
81300 517609964
81400 518944092
81500 520280020
81600 521617748
81700 522957276
81800 524298604
81900 525641732
82000 526986660
82100 528333388
82200 529681916
82300 531032244
82400 532384372
82500 533738300
82600 535094028
82700 536451556
82800 537810884
82900 539172012
83000 540534940
83100 541899668
83200 543266196
83300 544634524
83400 546004652
83500 547376580
83600 548750308
83700 550125836
83800 551503164
83900 552882292
84000 554263220
84100 555645948
84200 557030476
84300 558416804
84400 559804932
84500 561194860
84600 562586588
84700 563980116
84800 565375444
84900 566772572
85000 568171500
85100 569572228
85200 570974756
85300 572379084
85400 573785212
85500 575193140
85600 576602868
85700 578014396
85800 579427724
85900 580842852
86000 582259780
86100 583678508
86200 585099036
86300 586521364
86400 587945492
86500 589371420
86600 590799148
86700 592228676
86800 593660004
86900 595093132
87000 596528060
87100 597964788
87200 599403316
87300 600843644
87400 602285772
87500 603729700
87600 605175428
87700 606622956
87800 608072284
87900 609523412
88000 610976340
88100 612431068
88200 613887596
88300 615345924
88400 616806052
88500 618267980
88600 619731708
88700 621197236
88800 622664564
88900 624133692
89000 625604620
89100 627077348
89200 628551876
89300 630028204
89400 631506332
89500 632986260
89600 634467988
89700 635951516
89800 637436844
89900 638923972
90000 640412900
90100 641903628
90200 643396156
90300 644890484
90400 646386612
90500 647884540
90600 649384268
90700 650885796
90800 652389124
90900 653894252
91000 655401180
91100 656909908
91200 658420436
91300 659932764
91400 661446892
91500 662962820
91600 664480548
91700 666000076
91800 667521404
91900 669044532
92000 670569460
92100 672096188
92200 673624716
92300 675155044
92400 676687172
92500 678221100
92600 679756828
92700 681294356
92800 682833684
92900 684374812
93000 685917740
93100 687462468
93200 689008996
93300 690557324
93400 692107452
93500 693659380
93600 695213108
93700 696768636
93800 698325964
93900 699885092
94000 701446020
94100 703008748
94200 704573276
94300 706139604
94400 707707732
94500 709277660
94600 710849388
94700 712422916
94800 713998244
94900 715575372
95000 717154300
95100 718735028
95200 720317556
95300 721901884
95400 723488012
95500 725075940
95600 726665668
95700 728257196
95800 729850524
95900 731445652
96000 733042580
96100 734641308
96200 736241836
96300 737844164
96400 739448292
96500 741054220
96600 742661948
96700 744271476
96800 745882804
96900 747495932
97000 749110860
97100 750727588
97200 752346116
97300 753966444
97400 755588572
97500 757212500
97600 758838228
97700 760465756
97800 762095084
97900 763726212
98000 765359140
98100 766993868
98200 768630396
98300 770268724
98400 771908852
98500 773550780
98600 775194508
98700 776840036
98800 778487364
98900 780136492
99000 781787420
99100 783440148
99200 785094676
99300 786751004
99400 788409132
99500 790069060
99600 791730788
99700 793394316
99800 795059644
99900 796726772
100000 798395700
