100 182
200 593
300 1230
400 2147
500 3355
600 4860
700 6659
800 8749
900 11174
1000 13904
1100 16878
1200 20145
1300 23801
1400 27773
1500 32026
1600 36631
1700 41645
1800 46965
1900 52656
2000 58631
2100 65062
2200 71674
2300 78799
2400 86180
2500 93891
2600 101958
2700 110528
2800 119380
2900 128504
3000 138009
3100 147956
3200 158274
3300 168822
3400 180016
3500 191505
3600 203331
3700 215416
3800 227823
3900 240861
4000 254280
4100 268072
4200 282211
4300 296892
4400 311825
4500 327005
4600 343026
4700 359068
4800 375470
4900 392392
5000 409655
5100 427452
5200 445521
5300 463960
5400 482747
5500 502073
5600 521804
5700 541837
5800 562491
5900 583462
6000 604928
6100 626680
6200 648848
6300 671728
6400 695026
6500 718513
6600 742625
6700 766975
6800 791601
6900 816753
7000 842267
7100 868359
7200 894873
7300 921559
7400 948669
7500 976353
7600 1004608
7700 1033425
7800 1062283
7900 1091654
8000 1121783
8100 1151986
8200 1182835
8300 1214192
8400 1245689
8500 1277478
8600 1309999
8700 1342698
8800 1376168
8900 1409614
9000 1443462
9100 1477740
9200 1512191
9300 1547540
9400 1583677
9500 1619834
9600 1656837
9700 1694550
9800 1732536
9900 1770725
10000 1809535
10100 1848866
10200 1888458
10300 1927986
10400 1968362
10500 2008672
10600 2050228
10700 2092369
10800 2134251
10900 2177130
11000 2220040
11100 2263530
11200 2307586
11300 2352007
11400 2397513
11500 2442720
11600 2488232
11700 2534831
11800 2581892
11900 2628879
12000 2676177
12100 2724193
12200 2773419
12300 2822263
12400 2871945
12500 2922565
12600 2973090
12700 3024227
12800 3075591
12900 3127726
13000 3180420
13100 3233342
13200 3286612
13300 3340198
13400 3394450
13500 3449125
13600 3504498
13700 3559694
13800 3616084
13900 3672440
14000 3729676
14100 3787284
14200 3845340
14300 3903976
14400 3962625
14500 4021853
14600 4081558
14700 4142022
14800 4202857
14900 4263853
15000 4325376
15100 4387135
15200 4449943
15300 4513606
15400 4576730
15500 4640835
15600 4705158
15700 4770205
15800 4836293
15900 4902780
16000 4968228
16100 5035206
16200 5102930
16300 5171146
16400 5239261
16500 5308408
16600 5378164
16700 5448611
16800 5519269
16900 5590361
17000 5661648
17100 5733398
17200 5805159
17300 5877942
17400 5950694
17500 6024463
17600 6099297
17700 6174526
17800 6249775
17900 6325547
18000 6401778
18100 6478595
18200 6555957
18300 6632826
18400 6711012
18500 6789038
18600 6868279
18700 6948142
18800 7028147
18900 7108900
19000 7189344
19100 7270366
19200 7353059
19300 7434992
19400 7517799
19500 7601422
19600 7685619
19700 7770230
19800 7855970
19900 7941402
20000 8026995
20100 8113894
20200 8201099
20300 8287953
20400 8376280
20500 8465356
20600 8553523
20700 8643503
20800 8734268
20900 8824932
21000 8915932
21100 9007336
21200 9099548
21300 9192066
21400 9285870
21500 9379771
21600 9473230
21700 9567588
21800 9663000
21900 9758771
22000 9855313
22100 9951931
22200 10047910
22300 10146007
22400 10244003
22500 10341666
22600 10439488
22700 10537975
22800 10638369
22900 10737063
23000 10837822
23100 10940010
23200 11042061
23300 11144673
23400 11247488
23500 11351185
23600 11454586
23700 11558844
23800 11662966
23900 11768530
24000 11874761
24100 11981625
24200 12089022
24300 12196865
24400 12304592
24500 12412834
24600 12521985
24700 12632077
24800 12742834
24900 12852792
25000 12963349
25100 13074512
25200 13187042
25300 13298593
25400 13412479
25500 13526707
25600 13641209
25700 13754314
25800 13869682
25900 13984695
26000 14101629
26100 14218103
26200 14335319
26300 14453134
26400 14571361
26500 14690538
26600 14809371
26700 14930093
26800 15050855
26900 15172214
27000 15293034
27100 15415267
27200 15536780
27300 15659833
27400 15784144
27500 15908040
27600 16032517
27700 16156546
27800 16282923
27900 16409405
28000 16535414
28100 16662690
28200 16790763
28300 16919006
28400 17047388
28500 17175364
28600 17304004
28700 17434853
28800 17565047
28900 17695538
29000 17826654
29100 17958573
29200 18091073
29300 18223736
29400 18358009
29500 18492071
29600 18626047
29700 18762113
29800 18898091
29900 19035238
30000 19172251
30100 19309055
30200 19447544
30300 19586745
30400 19724580
30500 19863375
30600 20002998
30700 20143320
30800 20285259
30900 20427362
31000 20569176
31100 20712040
31200 20855824
31300 21000242
31400 21145440
31500 21289649
31600 21434150
31700 21578958
31800 21725356
31900 21872257
32000 22019035
32100 22166926
32200 22315380
32300 22462600
32400 22610482
32500 22760973
32600 22912487
32700 23062666
32800 23214284
32900 23366309
33000 23519835
33100 23670875
33200 23824352
33300 23979324
33400 24133972
33500 24287917
33600 24444329
33700 24600880
33800 24757765
33900 24915935
34000 25073264
34100 25231398
34200 25391010
34300 25551182
34400 25708847
34500 25869298
34600 26030235
34700 26191548
34800 26354311
34900 26516858
35000 26679650
35100 26843537
35200 27007625
35300 27172087
35400 27338505
35500 27504265
35600 27669331
35700 27838031
35800 28005386
35900 28172520
36000 28339875
36100 28509191
36200 28676420
36300 28847239
36400 29016444
36500 29189401
36600 29360155
36700 29533277
36800 29705073
36900 29877785
37000 30051187
37100 30226553
37200 30402135
37300 30578266
37400 30755154
37500 30933035
37600 31109998
37700 31288580
37800 31467869
37900 31646940
38000 31826172
38100 32006655
38200 32186027
38300 32367970
38400 32548343
38500 32729786
38600 32913077
38700 33096033
38800 33279080
38900 33461977
39000 33646388
39100 33831323
39200 34018086
39300 34205519
39400 34392502
39500 34578900
39600 34765368
39700 34952917
39800 35141995
39900 35332612
40000 35522802
40100 35711205
40200 35903377
40300 36093659
40400 36285384
40500 36478355
40600 36671100
40700 36863415
40800 37056973
40900 37252432
41000 37447943
41100 37644174
41200 37840751
41300 38036332
41400 38233145
41500 38431027
41600 38628187
41700 38828184
41800 39028925
41900 39230101
42000 39430279
42100 39631944
42200 39833485
42300 40036596
42400 40241260
42500 40445897
42600 40648709
42700 40854346
42800 41058718
42900 41265010
43000 41471249
43100 41679033
43200 41885959
43300 42093987
43400 42301556
43500 42508811
43600 42718744
43700 42928104
43800 43138657
43900 43350066
44000 43562322
44100 43775451
44200 43987872
44300 44202094
44400 44413205
44500 44628151
44600 44842809
44700 45058575
44800 45275254
44900 45492850
45000 45710890
45100 45929763
45200 46148939
45300 46366657
45400 46585910
45500 46805662
45600 47025663
45700 47246842
45800 47469185
45900 47691913
46000 47915275
46100 48138441
46200 48361150
46300 48585714
46400 48811243
46500 49038646
46600 49265796
46700 49492342
46800 49721313
46900 49948591
47000 50176765
47100 50405604
47200 50634992
47300 50864189
47400 51095200
47500 51326138
47600 51555368
47700 51786695
47800 52020796
47900 52254566
48000 52487580
48100 52719850
48200 52955927
48300 53191690
48400 53429120
48500 53666503
48600 53901780
48700 54136769
48800 54374795
48900 54612732
49000 54851366
49100 55092323
49200 55331708
49300 55572147
49400 55814599
49500 56056747
49600 56297323
49700 56541947
49800 56786515
49900 57029909
50000 57270413
50100 57514430
50200 57760159
50300 58007730
50400 58253369
50500 58502670
50600 58752445
50700 59001267
50800 59249429
50900 59498303
51000 59748205
51100 59998314
51200 60249660
51300 60501219
51400 60753692
51500 61005483
51600 61259489
51700 61514827
51800 61769072
51900 62025239
52000 62283544
52100 62539830
52200 62796579
52300 63054851
52400 63313360
52500 63572310
52600 63832086
52700 64091642
52800 64353256
52900 64613892
53000 64877618
53100 65138816
53200 65404693
53300 65669592
53400 65935088
53500 66200081
53600 66466792
53700 66733883
53800 67000183
53900 67269016
54000 67538216
54100 67805362
54200 68075074
54300 68345185
54400 68614239
54500 68886454
54600 69157663
54700 69429280
54800 69700546
54900 69973147
55000 70245872
55100 70518938
55200 70794082
55300 71066388
55400 71341934
55500 71618521
55600 71895647
55700 72174249
55800 72451343
55900 72731029
56000 73007258
56100 73285225
56200 73565997
56300 73847239
56400 74129601
56500 74411580
56600 74692276
56700 74975839
56800 75261117
56900 75543697
57000 75830083
57100 76112638
57200 76398440
57300 76683604
57400 76969347
57500 77255519
57600 77543156
57700 77832010
57800 78122718
57900 78410661
58000 78700572
58100 78987255
58200 79277769
58300 79568867
58400 79859813
58500 80152846
58600 80448616
58700 80738547
58800 81033865
58900 81330399
59000 81625966
59100 81921730
59200 82214557
59300 82512977
59400 82808525
59500 83104048
59600 83402739
59700 83701978
59800 84001748
59900 84301014
60000 84598451
60100 84901276
60200 85204780
60300 85505540
60400 85808094
60500 86114515
60600 86420195
60700 86725276
60800 87032349
60900 87340232
61000 87649366
61100 87959856
61200 88270233
61300 88579663
61400 88887338
61500 89197939
61600 89507745
61700 89821116
61800 90132205
61900 90444724
62000 90756204
62100 91068305
62200 91382832
62300 91695306
62400 92009614
62500 92323933
62600 92642270
62700 92955792
62800 93274910
62900 93595000
63000 93910934
63100 94231989
63200 94553182
63300 94871718
63400 95194383
63500 95519289
63600 95841576
63700 96166304
63800 96489371
63900 96810163
64000 97135499
64100 97460482
64200 97788058
64300 98113024
64400 98436448
64500 98762773
64600 99091452
64700 99420899
64800 99752046
64900 100081575
65000 100413179
65100 100744924
65200 101075853
65300 101407454
65400 101739968
65500 102074532
65600 102408834
65700 102743345
65800 103080011
65900 103415741
66000 103751782
66100 104089116
66200 104424312
66300 104760398
66400 105099037
66500 105438067
66600 105775948
66700 106118017
66800 106461060
66900 106801943
67000 107145381
67100 107487502
67200 107828189
67300 108169411
67400 108512946
67500 108858117
67600 109202776
67700 109549678
67800 109897704
67900 110244846
68000 110591319
68100 110938627
68200 111288661
68300 111639151
68400 111989989
68500 112339467
68600 112690096
68700 113042274
68800 113394916
68900 113747235
69000 114103712
69100 114458443
69200 114811155
69300 115170094
69400 115525869
69500 115884319
69600 116242214
69700 116598853
69800 116958953
69900 117317498
70000 117676684
70100 118037632
70200 118397555
70300 118756610
70400 119118561
70500 119482720
70600 119846620
70700 120209888
70800 120573221
70900 120937675
71000 121300142
71100 121665956
71200 122028264
71300 122394694
71400 122759102
71500 123127629
71600 123496423
71700 123869063
71800 124236147
71900 124606682
72000 124979646
72100 125349847
72200 125719431
72300 126093458
72400 126463257
72500 126836718
72600 127208829
72700 127584519
72800 127958823
72900 128335166
73000 128707735
73100 129085136
73200 129464289
73300 129837015
73400 130216463
73500 130596417
73600 130977176
73700 131357418
73800 131737228
73900 132119170
74000 132497561
74100 132879449
74200 133263260
74300 133646262
74400 134033101
74500 134415232
74600 134801240
74700 135187085
74800 135573104
74900 135963690
75000 136350916
75100 136737674
75200 137125831
75300 137517595
75400 137907896
75500 138297389
75600 138691776
75700 139085994
75800 139480838
75900 139873576
76000 140267968
76100 140664824
76200 141061866
76300 141458765
76400 141857885
76500 142254637
76600 142655278
76700 143054842
76800 143455898
76900 143852856
77000 144253522
77100 144658326
77200 145057386
77300 145457857
77400 145863190
77500 146267875
77600 146672975
77700 147077068
77800 147482538
77900 147888449
78000 148294492
78100 148699494
78200 149105916
78300 149513393
78400 149920778
78500 150328287
78600 150738984
78700 151147711
78800 151557574
78900 151969146
79000 152378747
79100 152792113
79200 153203594
79300 153618699
79400 154033978
79500 154450140
79600 154865708
79700 155283059
79800 155701466
79900 156115188
80000 156533193
80100 156949842
80200 157367628
80300 157787342
80400 158206310
80500 158628027
80600 159049338
80700 159472516
80800 159894829
80900 160321166
81000 160747572
81100 161174079
81200 161598857
81300 162024052
81400 162448697
81500 162876647
81600 163303944
81700 163728979
81800 164155691
81900 164586927
82000 165016933
82100 165440607
82200 165869458
82300 166301049
82400 166732977
82500 167164232
82600 167595206
82700 168032011
82800 168466247
82900 168895290
83000 169331911
83100 169768735
83200 170204581
83300 170642601
83400 171083121
83500 171522749
83600 171963170
83700 172403457
83800 172843958
83900 173284754
84000 173723394
84100 174168157
84200 174609793
84300 175053421
84400 175500022
84500 175942953
84600 176388367
84700 176833569
84800 177281099
84900 177724597
85000 178171156
85100 178621262
85200 179064419
85300 179509149
85400 179958996
85500 180410735
85600 180856417
85700 181304472
85800 181757074
85900 182210297
86000 182665678
86100 183120529
86200 183572627
86300 184029950
86400 184486010
86500 184944048
86600 185396126
86700 185854972
86800 186313806
86900 186772898
87000 187234013
87100 187695660
87200 188156581
87300 188618068
87400 189077336
87500 189536728
87600 189995221
87700 190457016
87800 190921505
87900 191387086
88000 191854852
88100 192321157
88200 192784391
88300 193253016
88400 193722312
88500 194191599
88600 194663676
88700 195135351
88800 195604575
88900 196074817
89000 196547507
89100 197016202
89200 197485876
89300 197960428
89400 198433264
89500 198903409
89600 199376301
89700 199853044
89800 200328478
89900 200807173
90000 201284513
90100 201761036
90200 202241738
90300 202723288
90400 203203938
90500 203683525
90600 204161648
90700 204643951
90800 205123212
90900 205604511
91000 206086558
91100 206569867
91200 207055286
91300 207542160
91400 208027551
91500 208513035
91600 208996930
91700 209479888
91800 209968748
91900 210459029
92000 210948946
92100 211439788
92200 211928756
92300 212419648
92400 212910235
92500 213405204
92600 213897637
92700 214391608
92800 214886186
92900 215384111
93000 215882085
93100 216374389
93200 216871953
93300 217368504
93400 217863761
93500 218361140
93600 218862989
93700 219361157
93800 219861896
93900 220367199
94000 220868826
94100 221364587
94200 221866609
94300 222370586
94400 222875203
94500 223379778
94600 223884595
94700 224391647
94800 224897707
94900 225401784
95000 225910932
95100 226418848
95200 226927095
95300 227438327
95400 227944579
95500 228454160
95600 228965878
95700 229475423
95800 229985193
95900 230496180
96000 231008531
96100 231525336
96200 232039096
96300 232554759
96400 233069991
96500 233582815
96600 234099168
96700 234620587
96800 235137947
96900 235656462
97000 236178469
97100 236700154
97200 237220622
97300 237743882
97400 238264761
97500 238790295
97600 239313022
97700 239837540
97800 240363342
97900 240889286
98000 241409558
98100 241933336
98200 242462364
98300 242990430
98400 243511931
98500 244044727
98600 244573674
98700 245104982
98800 245636991
98900 246169252
99000 246701723
99100 247230606
99200 247761152
99300 248293756
99400 248829697
99500 249363905
99600 249900599
99700 250439953
99800 250973608
99900 251508476
100000 252044056
