100 827
200 2819
300 6555
400 11138
500 17784
600 24710
700 33901
800 43591
900 55095
1000 67501
1100 82884
1200 99300
1300 116374
1400 134052
1500 155951
1600 178740
1700 200662
1800 224398
1900 250632
2000 280515
2100 308474
2200 341126
2300 372995
2400 408259
2500 445080
2600 484504
2700 522584
2800 562947
2900 605809
3000 649734
3100 695871
3200 746729
3300 800060
3400 849697
3500 900909
3600 954888
3700 1014725
3800 1076325
3900 1135296
4000 1192894
4100 1252303
4200 1315767
4300 1377713
4400 1442629
4500 1513228
4600 1577744
4700 1652707
4800 1726251
4900 1800535
5000 1877411
5100 1954272
5200 2037180
5300 2118478
5400 2208508
5500 2291405
5600 2379913
5700 2468588
5800 2556284
5900 2652212
6000 2744226
6100 2837982
6200 2940694
6300 3033225
6400 3129983
6500 3235855
6600 3334924
6700 3437279
6800 3545018
6900 3656612
7000 3769478
7100 3877492
7200 3990261
7300 4107993
7400 4227991
7500 4349470
7600 4466841
7700 4583607
7800 4713170
7900 4842734
8000 4966134
8100 5100639
8200 5229106
8300 5357157
8400 5492494
8500 5633251
8600 5773967
8700 5919117
8800 6056807
8900 6204366
9000 6362306
9100 6531609
9200 6692187
9300 6842372
9400 6989260
9500 7149742
9600 7302496
9700 7455845
9800 7613034
9900 7778548
10000 7944988
10100 8105252
10200 8271389
10300 8447790
10400 8618831
10500 8804458
10600 8976056
10700 9145214
10800 9323777
10900 9499313
11000 9684191
11100 9866603
11200 10051751
11300 10238911
11400 10419276
11500 10615210
11600 10824138
11700 11010782
11800 11198728
11900 11401510
12000 11612818
12100 11818161
12200 12012205
12300 12226347
12400 12426272
12500 12623095
12600 12829625
12700 13034677
12800 13248059
12900 13458533
13000 13667892
13100 13881918
13200 14104353
13300 14335375
13400 14561442
13500 14782869
13600 15004289
13700 15237494
13800 15459839
13900 15688978
14000 15918965
14100 16156042
14200 16397729
14300 16632575
14400 16881975
14500 17126605
14600 17372723
14700 17612663
14800 17859365
14900 18118493
15000 18368809
15100 18633021
15200 18884104
15300 19132929
15400 19405797
15500 19676732
15600 19960902
15700 20225232
15800 20484651
15900 20741649
16000 21030541
16100 21303346
16200 21569708
16300 21837849
16400 22118143
16500 22395857
16600 22668737
16700 22938082
16800 23212901
16900 23495156
17000 23792595
17100 24077606
17200 24394947
17300 24687663
17400 24990174
17500 25297032
17600 25583247
17700 25882577
17800 26182638
17900 26478092
18000 26786710
18100 27089648
18200 27403819
18300 27738100
18400 28048730
18500 28377508
18600 28697562
18700 29021296
18800 29354098
18900 29670307
19000 30009041
19100 30344351
19200 30673111
19300 31034406
19400 31368968
19500 31697990
19600 32027657
19700 32363020
19800 32686484
19900 33023362
20000 33379685
20100 33713797
20200 34050935
20300 34414726
20400 34772032
20500 35118255
20600 35498466
20700 35844254
20800 36188790
20900 36546799
21000 36907615
21100 37263163
21200 37628775
21300 37998915
21400 38351362
21500 38723587
21600 39105927
21700 39477262
21800 39848231
21900 40234369
22000 40609950
22100 40985810
22200 41402473
22300 41771441
22400 42163431
22500 42583111
22600 42986083
22700 43413768
22800 43798451
22900 44258070
23000 44663137
23100 45061847
23200 45461631
23300 45871715
23400 46277313
23500 46674101
23600 47102314
23700 47521963
23800 47965521
23900 48388772
24000 48809409
24100 49236786
24200 49653372
24300 50073334
24400 50517948
24500 50946625
24600 51373958
24700 51797080
24800 52221262
24900 52667601
25000 53114017
25100 53577202
25200 54019993
25300 54490447
25400 54927888
25500 55393965
25600 55832772
25700 56331377
25800 56786120
25900 57264693
26000 57704409
26100 58181248
26200 58647787
26300 59104312
26400 59585109
26500 60037353
26600 60511506
26700 60957310
26800 61425782
26900 61884793
27000 62379659
27100 62840771
27200 63356651
27300 63839039
27400 64300582
27500 64812342
27600 65303186
27700 65807583
27800 66295371
27900 66778335
28000 67304083
28100 67792947
28200 68276076
28300 68767569
28400 69266897
28500 69798913
28600 70328638
28700 70820917
28800 71343123
28900 71880600
29000 72413696
29100 72934361
29200 73459259
29300 73981397
29400 74486705
29500 75020115
29600 75568836
29700 76088720
29800 76618264
29900 77134226
30000 77673168
30100 78234764
30200 78764267
30300 79285794
30400 79850853
30500 80404266
30600 80952150
30700 81512904
30800 82042651
30900 82580009
31000 83145876
31100 83691278
31200 84243636
31300 84790066
31400 85327243
31500 85910329
31600 86481475
31700 87065587
31800 87643035
31900 88198454
32000 88775974
32100 89339168
32200 89913408
32300 90519976
32400 91131488
32500 91740594
32600 92304448
32700 92921243
32800 93505591
32900 94103206
33000 94665314
33100 95288119
33200 95892951
33300 96465695
33400 97059365
33500 97694849
33600 98278182
33700 98874660
33800 99473160
33900 100079473
34000 100695707
34100 101326379
34200 101925952
34300 102542732
34400 103239475
34500 103858727
34600 104493347
34700 105132687
34800 105739488
34900 106357632
35000 107015541
35100 107643364
35200 108286229
35300 108924588
35400 109542743
35500 110194278
35600 110887616
35700 111501983
35800 112177398
35900 112844810
36000 113514642
36100 114169500
36200 114864431
36300 115517185
36400 116211378
36500 116832129
36600 117514156
36700 118155767
36800 118833776
36900 119519989
37000 120191961
37100 120843070
37200 121505824
37300 122162228
37400 122807324
37500 123448374
37600 124133742
37700 124824940
37800 125500810
37900 126164579
38000 126858621
38100 127540242
38200 128241855
38300 128924035
38400 129628341
38500 130350641
38600 131046424
38700 131747173
38800 132461085
38900 133210274
39000 133921141
39100 134623580
39200 135318876
39300 136005994
39400 136718719
39500 137463038
39600 138286295
39700 139017305
39800 139734347
39900 140431669
40000 141162166
40100 141961726
40200 142664623
40300 143435590
40400 144184597
40500 144914061
40600 145676583
40700 146450455
40800 147211409
40900 147941588
41000 148711767
41100 149470469
41200 150222085
41300 151013698
41400 151779333
41500 152529967
41600 153333176
41700 154081081
41800 154833109
41900 155589286
42000 156376979
42100 157133964
42200 157918750
42300 158674513
42400 159410739
42500 160167443
42600 160974388
42700 161745340
42800 162529059
42900 163312632
43000 164090811
43100 164845662
43200 165649818
43300 166439022
43400 167250611
43500 168113315
43600 168882754
43700 169686049
43800 170490640
43900 171281141
44000 172070247
44100 172857674
44200 173701246
44300 174495366
44400 175426096
44500 176223071
44600 177036887
44700 177841282
44800 178643503
44900 179447910
45000 180263947
45100 181057295
45200 181867615
45300 182737819
45400 183587728
45500 184422064
45600 185274856
45700 186087271
45800 186923360
45900 187757407
46000 188566866
46100 189413867
46200 190279189
46300 191134716
46400 191991484
46500 192800308
46600 193619307
46700 194492268
46800 195314537
46900 196189507
47000 197048431
47100 197905430
47200 198766572
47300 199709130
47400 200579766
47500 201445904
47600 202392254
47700 203284918
47800 204148400
47900 205013797
48000 205923195
48100 206840253
48200 207694522
48300 208586277
48400 209481466
48500 210393505
48600 211325444
48700 212275503
48800 213180794
48900 214100838
49000 215056122
49100 215954504
49200 216866191
49300 217792457
49400 218691911
49500 219604271
49600 220592783
49700 221482735
49800 222392645
49900 223338665
50000 224382343
50100 225341185
50200 226275337
50300 227186012
50400 228177626
50500 229078715
50600 229980367
50700 230905993
50800 231865356
50900 232818099
51000 233787968
51100 234758273
51200 235701070
51300 236682131
51400 237634306
51500 238633456
51600 239573958
51700 240524001
51800 241529332
51900 242470283
52000 243395730
52100 244360405
52200 245383177
52300 246371034
52400 247343470
52500 248321599
52600 249301589
52700 250274931
52800 251222053
52900 252252729
53000 253207489
53100 254239749
53200 255190867
53300 256142881
53400 257125643
53500 258120533
53600 259077418
53700 260039116
53800 261018629
53900 262003037
54000 262967410
54100 264007939
54200 264986408
54300 265965954
54400 266974749
54500 267951500
54600 268950396
54700 269983291
54800 271003434
54900 272027451
55000 273060019
55100 274091216
55200 275090817
55300 276174612
55400 277215792
55500 278271572
55600 279290523
55700 280289561
55800 281328224
55900 282403018
56000 283524445
56100 284626617
56200 285643534
56300 286678311
56400 287685539
56500 288735254
56600 289819923
56700 290917616
56800 291941699
56900 293042272
57000 294082127
57100 295187418
57200 296282674
57300 297350123
57400 298425204
57500 299536946
57600 300614817
57700 301702412
57800 302758837
57900 303900566
58000 304997831
58100 306193525
58200 307290860
58300 308406078
58400 309526320
58500 310650261
58600 311703966
58700 312946682
58800 314065852
58900 315156830
59000 316269408
59100 317429346
59200 318657788
59300 319763475
59400 320919711
59500 322124336
59600 323242400
59700 324380425
59800 325525307
59900 326709387
60000 327956167
60100 329086176
60200 330170202
60300 331372312
60400 332521838
60500 333607919
60600 334797582
60700 335934713
60800 337059090
60900 338238576
61000 339365014
61100 340467228
61200 341564575
61300 342696628
61400 343871403
61500 345025374
61600 346177316
61700 347309856
61800 348519878
61900 349692240
62000 350949882
62100 352197273
62200 353355108
62300 354634871
62400 355819696
62500 357044438
62600 358172917
62700 359435862
62800 360577184
62900 361747633
63000 362977500
63100 364126843
63200 365279539
63300 366496767
63400 367658988
63500 368790691
63600 369994412
63700 371154815
63800 372344451
63900 373598888
64000 374800800
64100 376014823
64200 377192126
64300 378416151
64400 379756158
64500 380982737
64600 382168812
64700 383369738
64800 384550485
64900 385767959
65000 386973411
65100 388221200
65200 389460502
65300 390733018
65400 391980227
65500 393203818
65600 394425075
65700 395639323
65800 396877249
65900 398103356
66000 399344493
66100 400574334
66200 401873395
66300 403210991
66400 404451695
66500 405718686
66600 407004959
66700 408231282
66800 409451454
66900 410726094
67000 411953288
67100 413219209
67200 414527707
67300 415856253
67400 417129238
67500 418415139
67600 419718983
67700 421009830
67800 422275185
67900 423589766
68000 424951674
68100 426293643
68200 427552103
68300 428812919
68400 430088839
68500 431386188
68600 432687841
68700 433990226
68800 435294546
68900 436601636
69000 437848522
69100 439139301
69200 440508161
69300 441739631
69400 443053558
69500 444334786
69600 445641196
69700 446989140
69800 448263735
69900 449569241
70000 450903490
70100 452220817
70200 453583287
70300 455004572
70400 456327685
70500 457616293
70600 458927996
70700 460325478
70800 461671203
70900 463020095
71000 464402925
71100 465758357
71200 467174543
71300 468551977
71400 469996427
71500 471341679
71600 472712868
71700 473997430
71800 475414679
71900 476764688
72000 478080374
72100 479462057
72200 480880567
72300 482223405
72400 483696034
72500 485058451
72600 486545142
72700 487911219
72800 489381097
72900 490750757
73000 492210260
73100 493595635
73200 494971145
73300 496509479
73400 497896372
73500 499342044
73600 500732177
73700 502137552
73800 503565601
73900 504972062
74000 506483339
74100 507958327
74200 509363421
74300 510835235
74400 512214176
74500 513663434
74600 515081240
74700 516552357
74800 517967460
74900 519323477
75000 520748165
75100 522232362
75200 523738538
75300 525144564
75400 526591597
75500 528042770
75600 529443081
75700 530884253
75800 532299815
75900 533727803
76000 535219389
76100 536624774
76200 538072638
76300 539503162
76400 540901017
76500 542344029
76600 543742392
76700 545187500
76800 546586186
76900 548125511
77000 549615749
77100 550995958
77200 552518099
77300 554076306
77400 555487478
77500 556953442
77600 558405234
77700 559900996
77800 561393373
77900 562871033
78000 564353367
78100 565929612
78200 567434045
78300 569006766
78400 570498437
78500 571997960
78600 573453584
78700 575003286
78800 576531700
78900 578048938
79000 579608238
79100 581141047
79200 582709173
79300 584231595
79400 585736796
79500 587254427
79600 588758838
79700 590244491
79800 591723715
79900 593362986
80000 594912736
80100 596518048
80200 598038394
80300 599548981
80400 601141784
80500 602665167
80600 604198034
80700 605711722
80800 607266308
80900 608750452
81000 610246095
81100 611756512
81200 613305819
81300 614851436
81400 616447129
81500 617961492
81600 619533670
81700 621274763
81800 622941643
81900 624445113
82000 625995756
82100 627733358
82200 629379966
82300 630948451
82400 632522293
82500 634099396
82600 635724824
82700 637293745
82800 638882570
82900 640622700
83000 642211368
83100 643793084
83200 645425065
83300 646997420
83400 648537382
83500 650103206
83600 651661091
83700 653230033
83800 654797871
83900 656384458
84000 658104985
84100 659655698
84200 661393911
84300 663044169
84400 664601065
84500 666301158
84600 667909762
84700 669576667
84800 671162658
84900 672856986
85000 674524058
85100 676106661
85200 677858614
85300 679642176
85400 681369683
85500 682995520
85600 684734143
85700 686438554
85800 688095090
85900 689772559
86000 691373662
86100 692999214
86200 694677693
86300 696289176
86400 697926229
86500 699545678
86600 701297144
86700 702927821
86800 704557531
86900 706210435
87000 707824594
87100 709449288
87200 711108467
87300 712746624
87400 714513665
87500 716260821
87600 718010856
87700 719737948
87800 721394184
87900 723065639
88000 724702584
88100 726421754
88200 728194449
88300 729885703
88400 731544621
88500 733263579
88600 734917958
88700 736578233
88800 738347870
88900 740039647
89000 741711664
89100 743460991
89200 745233786
89300 746944907
89400 748683199
89500 750526777
89600 752411020
89700 754132683
89800 755843615
89900 757556633
90000 759279738
90100 761099753
90200 762815294
90300 764502136
90400 766221223
90500 767951819
90600 769777835
90700 771500582
90800 773341993
90900 775193180
91000 777024915
91100 778796365
91200 780568245
91300 782291671
91400 784039611
91500 785881595
91600 787684272
91700 789562243
91800 791282727
91900 793048025
92000 794799523
92100 796543034
92200 798395561
92300 800153957
92400 802020205
92500 803742950
92600 805531340
92700 807291630
92800 809063636
92900 810785722
93000 812524362
93100 814428594
93200 816206634
93300 818039501
93400 819874012
93500 821718706
93600 823443782
93700 825263668
93800 827089157
93900 828796089
94000 830594396
94100 832533619
94200 834406208
94300 836191387
94400 837981641
94500 839806651
94600 841692582
94700 843507424
94800 845372031
94900 847341306
95000 849171123
95100 851000583
95200 852850664
95300 854668666
95400 856565876
95500 858433594
95600 860241984
95700 862192187
95800 864101259
95900 866043219
96000 867910153
96100 869767787
96200 871640856
96300 873486687
96400 875368356
96500 877395954
96600 879279552
96700 881068128
96800 883049322
96900 884910938
97000 886745902
97100 888618156
97200 890518793
97300 892339850
97400 894230545
97500 896045979
97600 897933151
97700 899858875
97800 901726645
97900 903711536
98000 905735648
98100 907724391
98200 909582192
98300 911472998
98400 913562749
98500 915415772
98600 917342827
98700 919245763
98800 921150804
98900 923057289
99000 924950483
99100 926946820
99200 928904156
99300 930841105
99400 932732655
99500 934654326
99600 936538591
99700 938389224
99800 940416331
99900 942408718
100000 944370398
