100 1363
200 4648
300 10125
400 17893
500 28301
600 41070
700 56293
800 74181
900 95463
1000 119314
1100 145884
1200 175071
1300 206954
1400 241617
1500 278943
1600 319581
1700 363976
1800 411941
1900 462883
2000 516685
2100 573446
2200 633131
2300 695769
2400 761264
2500 829886
2600 901459
2700 976049
2800 1053623
2900 1134245
3000 1217863
3100 1304778
3200 1395626
3300 1490495
3400 1589394
3500 1692378
3600 1799082
3700 1908921
3800 2022085
3900 2138355
4000 2257944
4100 2380624
4200 2506662
4300 2635844
4400 2768406
4500 2904138
4600 3043144
4700 3185588
4800 3330990
4900 3479793
5000 3632065
5100 3787488
5200 3946193
5300 4108299
5400 4273764
5500 4442377
5600 4614524
5700 4789841
5800 4968464
5900 5150454
6000 5335734
6100 5524516
6200 5717022
6300 5913829
6400 6114774
6500 6319865
6600 6529445
6700 6743023
6800 6961119
6900 7183671
7000 7410474
7100 7641313
7200 7876273
7300 8114707
7400 8356613
7500 8602180
7600 8851070
7700 9103510
7800 9359467
7900 9618917
8000 9882039
8100 10148705
8200 10418896
8300 10692444
8400 10969827
8500 11250659
8600 11534985
8700 11823009
8800 12114428
8900 12409481
9000 12708039
9100 13010285
9200 13316129
9300 13625488
9400 13938408
9500 14254909
9600 14574805
9700 14898507
9800 15225476
9900 15556120
10000 15890227
10100 16228034
10200 16569401
10300 16914664
10400 17263385
10500 17615660
10600 17971536
10700 18331001
10800 18694036
10900 19060719
11000 19430849
11100 19804903
11200 20182827
11300 20563874
11400 20948547
11500 21337053
11600 21729218
11700 22124856
11800 22524394
11900 22927191
12000 23333723
12100 23744037
12200 24158002
12300 24576042
12400 24998151
12500 25425021
12600 25856320
12700 26292228
12800 26732839
12900 27177712
13000 27627041
13100 28081273
13200 28539625
13300 29002486
13400 29470031
13500 29942405
13600 30419457
13700 30901001
13800 31387116
13900 31877613
14000 32372889
14100 32872599
14200 33377056
14300 33886020
14400 34398870
14500 34915737
14600 35436174
14700 35960596
14800 36488602
14900 37020505
15000 37555648
15100 38095266
15200 38638556
15300 39185412
15400 39736531
15500 40291087
15600 40849451
15700 41411760
15800 41977900
15900 42547843
16000 43121937
16100 43699491
16200 44280933
16300 44866328
16400 45455487
16500 46048323
16600 46645295
16700 47246109
16800 47850560
16900 48459060
17000 49071363
17100 49687612
17200 50307375
17300 50931053
17400 51558577
17500 52190524
17600 52825907
17700 53465238
17800 54108559
17900 54755336
18000 55406117
18100 56061037
18200 56719933
18300 57382556
18400 58049322
18500 58719544
18600 59393973
18700 60072091
18800 60754266
18900 61440201
19000 62130043
19100 62823568
19200 63521073
19300 64222540
19400 64927810
19500 65636800
19600 66349677
19700 67066547
19800 67787497
19900 68512016
20000 69240385
20100 69972675
20200 70708858
20300 71449143
20400 72193047
20500 72940939
20600 73692741
20700 74448590
20800 75208170
20900 75972049
21000 76739619
21100 77511151
21200 78286301
21300 79065167
21400 79848234
21500 80635198
21600 81425902
21700 82220933
21800 83019442
21900 83822285
22000 84628442
22100 85438859
22200 86253304
22300 87071595
22400 87893767
22500 88719808
22600 89549723
22700 90383693
22800 91221661
22900 92063289
23000 92908814
23100 93758638
23200 94612568
23300 95470050
23400 96331708
23500 97196942
23600 98066337
23700 98939749
23800 99817128
23900 100698332
24000 101583675
24100 102472941
24200 103366273
24300 104262921
24400 105164048
24500 106069149
24600 106978005
24700 107891964
24800 108810374
24900 109734158
25000 110662211
25100 111595552
25200 112533958
25300 113476827
25400 114424878
25500 115377692
25600 116335523
25700 117298145
25800 118265500
25900 119237810
26000 120215126
26100 121197193
26200 122183832
26300 123174733
26400 124171097
26500 125171691
26600 126177297
26700 127188364
26800 128203600
26900 129224081
27000 130249548
27100 131279989
27200 132315151
27300 133354891
27400 134399601
27500 135449320
27600 136504053
27700 137563375
27800 138627337
27900 139696597
28000 140770902
28100 141849636
28200 142933534
28300 144022454
28400 145116047
28500 146214490
28600 147317825
28700 148425881
28800 149538243
28900 150654730
29000 151775382
29100 152900108
29200 154029004
29300 155161652
29400 156298638
29500 157439269
29600 158584077
29700 159733209
29800 160886598
29900 162043815
30000 163205144
30100 164370400
30200 165540083
30300 166714047
30400 167892072
30500 169074464
30600 170260730
30700 171451249
30800 172645750
30900 173844010
31000 175046955
31100 176253693
31200 177464503
31300 178679815
31400 179899180
31500 181122415
31600 182349934
31700 183581707
31800 184817703
31900 186057563
32000 187301574
32100 188549669
32200 189801737
32300 191058253
32400 192318622
32500 193583386
32600 194852072
32700 196125215
32800 197402612
32900 198683789
33000 199969111
33100 201258647
33200 202552309
33300 203850169
33400 205152241
33500 206458415
33600 207769063
33700 209083890
33800 210402857
33900 211725500
34000 213052485
34100 214383944
34200 215719178
34300 217059019
34400 218402518
34500 219750398
34600 221102688
34700 222458829
34800 223819144
34900 225183557
35000 226552143
35100 227925395
35200 229301960
35300 230682385
35400 232066979
35500 233456071
35600 234848948
35700 236246149
35800 237647183
35900 239052669
36000 240462526
36100 241876086
36200 243294407
36300 244716692
36400 246142872
36500 247573152
36600 249007731
36700 250446744
36800 251891060
36900 253338499
37000 254790750
37100 256246820
37200 257707061
37300 259171415
37400 260639663
37500 262111717
37600 263588950
37700 265070055
37800 266555549
37900 268044952
38000 269538479
38100 271035866
38200 272537407
38300 274043778
38400 275553780
38500 277067998
38600 278586345
38700 280108579
38800 281635375
38900 283166412
39000 284701759
39100 286241425
39200 287784743
39300 289332528
39400 290883961
39500 292439728
39600 293999746
39700 295563974
39800 297132340
39900 298705428
40000 300282263
40100 301863687
40200 303448828
40300 305038085
40400 306631454
40500 308228956
40600 309831547
40700 311437790
40800 313048022
40900 314662405
41000 316281130
41100 317903754
41200 319530866
41300 321162093
41400 322797213
41500 324436829
41600 326080676
41700 327728793
41800 329381178
41900 331038147
42000 332699085
42100 334364058
42200 336033129
42300 337706413
42400 339383849
42500 341065216
42600 342750874
42700 344440603
42800 346134579
42900 347833196
43000 349535838
43100 351242907
43200 352953890
43300 354669775
43400 356389421
43500 358113446
43600 359842098
43700 361575489
43800 363312198
43900 365053153
44000 366797792
44100 368547495
44200 370300875
44300 372058792
44400 373820850
44500 375586961
44600 377357794
44700 379132940
44800 380911577
44900 382694836
45000 384481951
45100 386273229
45200 388068896
45300 389869048
45400 391673077
45500 393481166
45600 395293152
45700 397109864
45800 398931045
45900 400756081
46000 402585682
46100 404419578
46200 406257842
46300 408099855
46400 409946136
46500 411796297
46600 413651083
46700 415510382
46800 417373589
46900 419241017
47000 421112392
47100 422988395
47200 424868079
47300 426752759
47400 428641200
47500 430534044
47600 432430774
47700 434332029
47800 436237379
47900 438147033
48000 440060801
48100 441978856
48200 443900829
48300 445826944
48400 447757737
48500 449692367
48600 451631466
48700 453574818
48800 455522333
48900 457474224
49000 459429831
49100 461389888
49200 463354833
49300 465325282
49400 467300654
49500 469281276
49600 471266688
49700 473257150
49800 475253046
49900 477254413
50000 479261451
50100 481273402
50200 483290007
50300 485311996
50400 487339188
50500 489371545
50600 491409402
50700 493451884
50800 495499747
50900 497552809
51000 499611387
51100 501674619
51200 503743073
51300 505817029
51400 507896072
51500 509979880
51600 512068418
51700 514162139
51800 516260853
51900 518365245
52000 520475135
52100 522589799
52200 524709067
52300 526833999
52400 528964212
52500 531099432
52600 533240737
52700 535386795
52800 537537832
52900 539694516
53000 541856010
53100 544022491
53200 546194346
53300 548371439
53400 550553407
53500 552740204
53600 554932575
53700 557129656
53800 559332309
53900 561539595
54000 563752579
54100 565970253
54200 568193471
54300 570421672
54400 572655911
54500 574894700
54600 577137873
54700 579387223
54800 581641892
54900 583901606
55000 586166530
55100 588436668
55200 590712079
55300 592992399
55400 595278304
55500 597569120
55600 599864932
55700 602166044
55800 604471788
55900 606782343
56000 609098673
56100 611420062
56200 613746658
56300 616078639
56400 618415619
56500 620757965
56600 623105497
56700 625457929
56800 627815291
56900 630177908
57000 632546067
57100 634919246
57200 637298052
57300 639681603
57400 642070526
57500 644463294
57600 646861384
57700 649263136
57800 651669370
57900 654079738
58000 656494688
58100 658914260
58200 661338373
58300 663766361
58400 666199394
58500 668636381
58600 671077417
58700 673522794
58800 675972693
58900 678427212
59000 680886286
59100 683349467
59200 685817756
59300 688290810
59400 690768407
59500 693250146
59600 695736055
59700 698226224
59800 700720943
59900 703219894
60000 705722715
60100 708230807
60200 710742327
60300 713258524
60400 715779545
60500 718305098
60600 720835139
60700 723369476
60800 725908304
60900 728450852
61000 730998611
61100 733550801
61200 736107301
61300 738668259
61400 741233281
61500 743802438
61600 746375891
61700 748954734
61800 751537543
61900 754124844
62000 756716420
62100 759312685
62200 761912944
62300 764517648
62400 767126728
62500 769739442
62600 772356946
62700 774978117
62800 777604721
62900 780235535
63000 782870452
63100 785510680
63200 788155537
63300 790805094
63400 793458485
63500 796116517
63600 798778925
63700 801445701
63800 804116966
63900 806792737
64000 809473296
64100 812157502
64200 814846096
64300 817539283
64400 820236616
64500 822937701
64600 825643858
64700 828354571
64800 831070119
64900 833790366
65000 836514925
65100 839244506
65200 841978085
65300 844716547
65400 847458626
65500 850205253
65600 852956085
65700 855710716
65800 858470275
65900 861234391
66000 864002569
66100 866775188
66200 869552687
66300 872334680
66400 875120806
66500 877911598
66600 880706230
66700 883505429
66800 886308650
66900 889117037
67000 891929454
67100 894746505
67200 897569264
67300 900395323
67400 903225955
67500 906062208
67600 908901958
67700 911746207
67800 914594716
67900 917447845
68000 920305324
68100 923167099
68200 926033621
68300 928904012
68400 931778999
68500 934658375
68600 937542586
68700 940431165
68800 943324134
68900 946222572
69000 949125215
69100 952032144
69200 954943786
69300 957859566
69400 960779704
69500 963703615
69600 966632000
69700 969564406
69800 972501505
69900 975443589
70000 978390947
70100 981342570
70200 984299072
70300 987259587
70400 990224586
70500 993193587
70600 996166897
70700 999144276
70800 1002126937
70900 1005113513
71000 1008104857
71100 1011101015
71200 1014102154
71300 1017107173
71400 1020116979
71500 1023130761
71600 1026149061
71700 1029171314
71800 1032197904
71900 1035228251
72000 1038263579
72100 1041303645
72200 1044348176
72300 1047397304
72400 1050450732
72500 1053509174
72600 1056571572
72700 1059637894
72800 1062709563
72900 1065785688
73000 1068865715
73100 1071950966
73200 1075039743
73300 1078133750
73400 1081231547
73500 1084333815
73600 1087440192
73700 1090550964
73800 1093666014
73900 1096785975
74000 1099910326
74100 1103039646
74200 1106173922
74300 1109312224
74400 1112454842
74500 1115602495
74600 1118754141
74700 1121910123
74800 1125071121
74900 1128236298
75000 1131406114
75100 1134580462
75200 1137760214
75300 1140945058
75400 1144133408
75500 1147327002
75600 1150524685
75700 1153725965
75800 1156931803
75900 1160141585
76000 1163356064
76100 1166575441
76200 1169798483
76300 1173026450
76400 1176258838
76500 1179495604
76600 1182736680
76700 1185981825
76800 1189231462
76900 1192485820
77000 1195744496
77100 1199007394
77200 1202274987
77300 1205547209
77400 1208823739
77500 1212105025
77600 1215390680
77700 1218681317
77800 1221977562
77900 1225277866
78000 1228582059
78100 1231890236
78200 1235202511
78300 1238519411
78400 1241840935
78500 1245167221
78600 1248498029
78700 1251833591
78800 1255173745
78900 1258518485
79000 1261867638
79100 1265220824
79200 1268578514
79300 1271940312
79400 1275306733
79500 1278677824
79600 1282053496
79700 1285433956
79800 1288818687
79900 1292207796
80000 1295601479
80100 1298999248
80200 1302402262
80300 1305809150
80400 1309220824
80500 1312637311
80600 1316057784
80700 1319482370
80800 1322911989
80900 1326346286
81000 1329785419
81100 1333228402
81200 1336675924
81300 1340127571
81400 1343583822
81500 1347043464
81600 1350507930
81700 1353977902
81800 1357451743
81900 1360930126
82000 1364412820
82100 1367901214
82200 1371393369
82300 1374889893
82400 1378389882
82500 1381895370
82600 1385404886
82700 1388919143
82800 1392438094
82900 1395961449
83000 1399489075
83100 1403022207
83200 1406560046
83300 1410102590
83400 1413648891
83500 1417199651
83600 1420754529
83700 1424314973
83800 1427879189
83900 1431448063
84000 1435021621
84100 1438599605
84200 1442181679
84300 1445768100
84400 1449359734
84500 1452956105
84600 1456557384
84700 1460163183
84800 1463772703
84900 1467386038
85000 1471003953
85100 1474627008
85200 1478254419
85300 1481886669
85400 1485524087
85500 1489165068
85600 1492810990
85700 1496460382
85800 1500114553
85900 1503774100
86000 1507437417
86100 1511105865
86200 1514778619
86300 1518456040
86400 1522137816
86500 1525823551
86600 1529513921
86700 1533209107
86800 1536908831
86900 1540612902
87000 1544320785
87100 1548034056
87200 1551751717
87300 1555473591
87400 1559200827
87500 1562932010
87600 1566666877
87700 1570407609
87800 1574151800
87900 1577901425
88000 1581655653
88100 1585414418
88200 1589177568
88300 1592945335
88400 1596717505
88500 1600493802
88600 1604274757
88700 1608060476
88800 1611850109
88900 1615644643
89000 1619443231
89100 1623247000
89200 1627054668
89300 1630867482
89400 1634685620
89500 1638507102
89600 1642333278
89700 1646164495
89800 1649999573
89900 1653839575
90000 1657683947
90100 1661533418
90200 1665387124
90300 1669245542
90400 1673108474
90500 1676975756
90600 1680846982
90700 1684722964
90800 1688603246
90900 1692487545
91000 1696376745
91100 1700269793
91200 1704167854
91300 1708071048
91400 1711978618
91500 1715891350
91600 1719807480
91700 1723728610
91800 1727654567
91900 1731585166
92000 1735519924
92100 1739458941
92200 1743403217
92300 1747352199
92400 1751305715
92500 1755264089
92600 1759226390
92700 1763192342
92800 1767162268
92900 1771137140
93000 1775118373
93100 1779103067
93200 1783092337
93300 1787086086
93400 1791083941
93500 1795086733
93600 1799093852
93700 1803105691
93800 1807121924
93900 1811142122
94000 1815167107
94100 1819196764
94200 1823230924
94300 1827269649
94400 1831311897
94500 1835359834
94600 1839412169
94700 1843469049
94800 1847529864
94900 1851595569
95000 1855666336
95100 1859741869
95200 1863822768
95300 1867907017
95400 1871996236
95500 1876090469
95600 1880188613
95700 1884290088
95800 1888396279
95900 1892507356
96000 1896622392
96100 1900741941
96200 1904865927
96300 1908994971
96400 1913128805
96500 1917268342
96600 1921411804
96700 1925560117
96800 1929712768
96900 1933870495
97000 1938032541
97100 1942198713
97200 1946369250
97300 1950544692
97400 1954724652
97500 1958908362
97600 1963096309
97700 1967289552
97800 1971486645
97900 1975689021
98000 1979895751
98100 1984107592
98200 1988323790
98300 1992544690
98400 1996770263
98500 2001001493
98600 2005237595
98700 2009479128
98800 2013726937
98900 2017979869
99000 2022237903
99100 2026502205
99200 2030771629
99300 2035046107
99400 2039326186
99500 2043610984
99600 2047901651
99700 2052198067
99800 2056500587
99900 2060808621
100000 2065122068
