100 555
200 1851
300 3959
400 6920
500 10764
600 15570
700 21315
800 28030
900 35727
1000 44444
1100 54184
1200 64988
1300 76814
1400 89713
1500 103699
1600 118743
1700 134877
1800 152078
1900 170398
2000 189835
2100 210347
2200 232021
2300 254814
2400 278794
2500 303921
2600 330198
2700 357579
2800 386165
2900 415935
3000 446860
3100 478957
3200 512230
3300 546685
3400 582320
3500 619172
3600 657148
3700 696370
3800 736744
3900 778305
4000 821131
4100 865113
4200 910331
4300 956829
4400 1004547
4500 1053472
4600 1103661
4700 1155166
4800 1207919
4900 1261872
5000 1317087
5100 1373558
5200 1431295
5300 1490335
5400 1550562
5500 1612058
5600 1674830
5700 1738852
5800 1804187
5900 1870743
6000 1938565
6100 2007704
6200 2078115
6300 2149839
6400 2222839
6500 2297089
6600 2372636
6700 2449438
6800 2527558
6900 2607004
7000 2687694
7100 2769640
7200 2852833
7300 2937442
7400 3023342
7500 3110514
7600 3198917
7700 3288707
7800 3379694
7900 3472003
8000 3565677
8100 3660603
8200 3756808
8300 3854307
8400 3953186
8500 4053439
8600 4155052
8700 4257971
8800 4362249
8900 4467850
9000 4574785
9100 4683116
9200 4792765
9300 4903808
9400 5016213
9500 5129872
9600 5244944
9700 5361416
9800 5479123
9900 5598230
10000 5718666
10100 5840400
10200 5963503
10300 6088029
10400 6213900
10500 6341107
10600 6469749
10700 6599690
10800 6731013
10900 6863680
11000 6997690
11100 7133066
11200 7269816
11300 7408002
11400 7547398
11500 7688271
11600 7830407
11700 7973981
11800 8118891
11900 8265210
12000 8412929
12100 8561909
12200 8712234
12300 8864010
12400 9017203
12500 9171652
12600 9327555
12700 9484834
12800 9643492
12900 9803658
13000 9965072
13100 10127840
13200 10292010
13300 10457610
13400 10624636
13500 10793124
13600 10962828
13700 11133978
13800 11306597
13900 11480581
14000 11655971
14100 11832805
14200 12010939
14300 12190429
14400 12371449
14500 12553741
14600 12737506
14700 12922570
14800 13109072
14900 13296959
15000 13486224
15100 13676848
15200 13868976
15300 14062481
15400 14257269
15500 14453489
15600 14651248
15700 14850250
15800 15050727
15900 15252627
16000 15455804
16100 15660490
16200 15866560
16300 16073913
16400 16282668
16500 16493018
16600 16704775
16700 16917871
16800 17132478
16900 17348479
17000 17565920
17100 17784890
17200 18005275
17300 18226951
17400 18450124
17500 18674735
17600 18900797
17700 19128354
17800 19357532
17900 19588104
18000 19820059
18100 20053520
18200 20288361
18300 20524627
18400 20762279
18500 21001469
18600 21242197
18700 21484292
18800 21727773
18900 21972726
19000 22219050
19100 22466835
19200 22716134
19300 22966859
19400 23218947
19500 23472565
19600 23727594
19700 23984156
19800 24242164
19900 24501703
20000 24762415
20100 25024781
20200 25288582
20300 25553880
20400 25820518
20500 26088707
20600 26358404
20700 26629457
20800 26901981
20900 27176163
21000 27451747
21100 27728679
21200 28007093
21300 28286910
21400 28568209
21500 28850973
21600 29135060
21700 29420639
21800 29707670
21900 29996341
22000 30286358
22100 30577901
22200 30870907
22300 31165427
22400 31461227
22500 31758574
22600 32057330
22700 32357621
22800 32659264
22900 32962433
23000 33267169
23100 33573358
23200 33881023
23300 34190040
23400 34500527
23500 34812626
23600 35125999
23700 35440898
23800 35757382
23900 36075301
24000 36394600
24100 36715338
24200 37037424
24300 37361018
24400 37686053
24500 38012501
24600 38340524
24700 38670099
24800 39001101
24900 39333654
25000 39667577
25100 40002988
25200 40339909
25300 40678320
25400 41018285
25500 41359616
25600 41702437
25700 42046705
25800 42392371
25900 42739585
26000 43088263
26100 43438608
26200 43790251
26300 44143510
26400 44498277
26500 44854542
26600 45212255
26700 45571562
26800 45932246
26900 46294477
27000 46658363
27100 47023693
27200 47390615
27300 47758837
27400 48128757
27500 48500126
27600 48872866
27700 49247099
27800 49622848
27900 50000136
28000 50378920
28100 50759146
28200 51140810
28300 51523894
28400 51908631
28500 52294652
28600 52682297
28700 53071499
28800 53462071
28900 53854209
29000 54247837
29100 54642984
29200 55039490
29300 55437575
29400 55837200
29500 56238294
29600 56640883
29700 57044873
29800 57450433
29900 57857480
30000 58265957
30100 58676116
30200 59087570
30300 59500655
30400 59915071
30500 60331145
30600 60748744
30700 61167846
30800 61588463
30900 62010576
31000 62434089
31100 62859124
31200 63285654
31300 63713849
31400 64143443
31500 64574460
31600 65007060
31700 65441142
31800 65876703
31900 66313723
32000 66752337
32100 67192319
32200 67633859
32300 68076808
32400 68521311
32500 68967389
32600 69414924
32700 69864005
32800 70314512
32900 70766471
33000 71219938
33100 71674904
33200 72131456
33300 72589548
33400 73049247
33500 73510335
33600 73973090
33700 74437336
33800 74903211
33900 75370515
34000 75839370
34100 76309908
34200 76781917
34300 77255400
34400 77730570
34500 78207178
34600 78685350
34700 79165270
34800 79646628
34900 80129645
35000 80614092
35100 81099963
35200 81587499
35300 82076464
35400 82567281
35500 83059431
35600 83553084
35700 84048344
35800 84545077
35900 85043377
36000 85543216
36100 86044716
36200 86547685
36300 87052083
36400 87558090
36500 88065770
36600 88574810
36700 89085631
36800 89597733
36900 90111382
37000 90626574
37100 91143422
37200 91661855
37300 92181878
37400 92703345
37500 93226391
37600 93751096
37700 94277318
37800 94805129
37900 95334360
38000 95865251
38100 96397714
38200 96931628
38300 97467090
38400 98003956
38500 98542609
38600 99082722
38700 99624268
38800 100167498
38900 100712131
39000 101258306
39100 101806058
39200 102355280
39300 102906239
39400 103458679
39500 104012639
39600 104568399
39700 105125563
39800 105684162
39900 106244475
40000 106806451
40100 107369787
40200 107934735
40300 108501077
40400 109069011
40500 109638425
40600 110209541
40700 110782126
40800 111356257
40900 111931927
41000 112509106
41100 113087836
41200 113668111
41300 114250001
41400 114833474
41500 115418443
41600 116004927
41700 116593045
41800 117182692
41900 117773955
42000 118366665
42100 118960904
42200 119556804
42300 120154328
42400 120753584
42500 121354120
42600 121956386
42700 122560217
42800 123165649
42900 123772476
43000 124380775
43100 124990677
43200 125602410
43300 126215443
43400 126830008
43500 127446143
43600 128063868
43700 128683154
43800 129304107
43900 129926622
44000 130550671
44100 131176219
44200 131803513
44300 132432489
44400 133063155
44500 133695305
44600 134329000
44700 134964158
44800 135600820
44900 136238831
45000 136878540
45100 137519725
45200 138162503
45300 138806854
45400 139452574
45500 140100134
45600 140749330
45700 141399807
45800 142051963
45900 142705791
46000 143361028
46100 144017774
46200 144676165
46300 145336181
46400 145997864
46500 146661068
46600 147325976
46700 147992260
46800 148660229
46900 149329806
47000 150000772
47100 150673325
47200 151347421
47300 152023125
47400 152700433
47500 153379258
47600 154059702
47700 154741659
47800 155425331
47900 156110532
48000 156797144
48100 157485254
48200 158175330
48300 158866694
48400 159559525
48500 160254040
48600 160950250
48700 161647936
48800 162347290
48900 163048121
49000 163750479
49100 164454264
49200 165159641
49300 165866788
49400 166575253
49500 167285454
49600 167997190
49700 168710540
49800 169425527
49900 170141994
50000 170860017
50100 171579681
50200 172301056
50300 173023768
50400 173747943
50500 174473953
50600 175201391
50700 175930604
50800 176661375
50900 177393649
51000 178127733
51100 178863193
51200 179600209
51300 180338737
51400 181079142
51500 181820932
51600 182564296
51700 183309268
51800 184056030
51900 184804317
52000 185554212
52100 186305582
52200 187058804
52300 187813407
52400 188569408
52500 189327014
52600 190086254
52700 190847325
52800 191609683
52900 192373753
53000 193139315
53100 193906521
53200 194675319
53300 195445627
53400 196217491
53500 196991141
53600 197766256
53700 198542836
53800 199321263
53900 200101386
54000 200882884
54100 201666311
54200 202451108
54300 203237491
54400 204025304
54500 204814899
54600 205606281
54700 206398998
54800 207193590
54900 207989649
55000 208787140
55100 209586205
55200 210386808
55300 211189117
55400 211993018
55500 212798217
55600 213605258
55700 214413940
55800 215223992
55900 216035774
56000 216849058
56100 217664075
56200 218480693
56300 219298937
56400 220118809
56500 220940184
56600 221763141
56700 222587760
56800 223413847
56900 224241484
57000 225070865
57100 225901786
57200 226734122
57300 227567777
57400 228403181
57500 229240131
57600 230078559
57700 230918787
57800 231760467
57900 232603957
58000 233449104
58100 234295701
58200 235143905
58300 235993851
58400 236845440
58500 237698635
58600 238553489
58700 239409799
58800 240267954
58900 241127526
59000 241988720
59100 242851571
59200 243715785
59300 244581630
59400 245448906
59500 246317917
59600 247188481
59700 248060872
59800 248934832
59900 249810769
60000 250687874
60100 251566634
60200 252446902
60300 253328672
60400 254212234
60500 255097323
60600 255983911
60700 256872141
60800 257761895
60900 258653283
61000 259546293
61100 260440957
61200 261337279
61300 262235147
61400 263134575
61500 264035455
61600 264938245
61700 265842501
61800 266748354
61900 267655738
62000 268564759
62100 269475556
62200 270387699
62300 271301599
62400 272216849
62500 273134130
62600 274052977
62700 274973477
62800 275895484
62900 276818801
63000 277743747
63100 278670518
63200 279598807
63300 280528356
63400 281459864
63500 282392921
63600 283327469
63700 284263737
63800 285201763
63900 286141214
64000 287082180
64100 288024864
64200 288968902
64300 289914578
64400 290861982
64500 291811099
64600 292761765
64700 293713913
64800 294667688
64900 295623148
65000 296580046
65100 297538725
65200 298498867
65300 299460666
65400 300424050
65500 301388940
65600 302355462
65700 303323692
65800 304293669
65900 305265345
66000 306238300
66100 307212960
66200 308189354
66300 309167612
66400 310147421
66500 311128587
66600 312111499
66700 313096085
66800 314082369
66900 315070245
67000 316059945
67100 317051259
67200 318044384
67300 319038976
67400 320035165
67500 321032917
67600 322032325
67700 323033470
67800 324036157
67900 325040612
68000 326046618
68100 327054093
68200 328063307
68300 329074077
68400 330086557
68500 331100664
68600 332116435
68700 333134035
68800 334153363
68900 335174258
69000 336196590
69100 337220735
69200 338246447
69300 339273870
69400 340302981
69500 341333779
69600 342366170
69700 343400061
69800 344435567
69900 345472940
70000 346511757
70100 347552022
70200 348593976
70300 349637874
70400 350683125
70500 351730247
70600 352778961
70700 353829428
70800 354881335
70900 355934869
71000 356990021
71100 358046864
71200 359105322
71300 360165407
71400 361227043
71500 362290639
71600 363355567
71700 364421902
71800 365490151
71900 366560350
72000 367631993
72100 368705324
72200 369780366
72300 370857158
72400 371935082
72500 373014983
72600 374096713
72700 375179885
72800 376264563
72900 377350923
73000 378438829
73100 379528449
73200 380619663
73300 381712773
73400 382807655
73500 383904199
73600 385001824
73700 386101344
73800 387202464
73900 388305512
74000 389410280
74100 390516826
74200 391624707
74300 392734000
74400 393845251
74500 394958250
74600 396072723
74700 397188678
74800 398306526
74900 399425959
75000 400547014
75100 401669654
75200 402793984
75300 403920012
75400 405047750
75500 406177229
75600 407308126
75700 408440926
75800 409575206
75900 410710862
76000 411848330
76100 412987495
76200 414128431
76300 415270978
76400 416414906
76500 417560513
76600 418707979
76700 419857015
76800 421007511
76900 422159787
77000 423313871
77100 424469634
77200 425626901
77300 426785777
77400 427946303
77500 429108696
77600 430272386
77700 431437872
77800 432604943
77900 433773772
78000 434944316
78100 436116583
78200 437290629
78300 438466079
78400 439643326
78500 440821912
78600 442002060
78700 443184039
78800 444367767
78900 445552862
79000 446739733
79100 447928240
79200 449118383
79300 450310281
79400 451503874
79500 452698981
79600 453895819
79700 455094193
79800 456294409
79900 457496263
80000 458699591
80100 459904947
80200 461112026
80300 462320620
80400 463530670
80500 464742850
80600 465956239
80700 467171365
80800 468388223
80900 469606699
81000 470826557
81100 472048208
81200 473271381
81300 474496287
81400 475722674
81500 476951068
81600 478181061
81700 479412472
81800 480646027
81900 481880772
82000 483117166
82100 484355070
82200 485594911
82300 486836562
82400 488079753
82500 489324735
82600 490571252
82700 491819201
82800 493069189
82900 494320688
83000 495573661
83100 496828229
83200 498084568
83300 499342479
83400 500602042
83500 501863171
83600 503126071
83700 504390566
83800 505657007
83900 506925356
84000 508195213
84100 509466896
84200 510739963
84300 512014340
84400 513290635
84500 514568295
84600 515847976
84700 517129558
84800 518412506
84900 519697060
85000 520983456
85100 522271250
85200 523560696
85300 524852100
85400 526145187
85500 527439861
85600 528735841
85700 530033767
85800 531333508
85900 532634704
86000 533937517
86100 535242035
86200 536548408
86300 537856327
86400 539165921
86500 540477072
86600 541789951
86700 543104222
86800 544420240
86900 545738070
87000 547057415
87100 548378271
87200 549700882
87300 551024951
87400 552350919
87500 553678575
87600 555007908
87700 556339250
87800 557672071
87900 559006359
88000 560342694
88100 561680306
88200 563019576
88300 564360367
88400 565702717
88500 567047109
88600 568393163
88700 569741273
88800 571090757
88900 572441632
89000 573794138
89100 575148667
89200 576504712
89300 577862268
89400 579221783
89500 580582934
89600 581945522
89700 583309914
89800 584676042
89900 586043723
90000 587413128
90100 588784345
90200 590157142
90300 591531264
90400 592907216
90500 594284732
90600 595663785
90700 597044902
90800 598427349
90900 599811531
91000 601197308
91100 602584918
91200 603974280
91300 605365193
91400 606757785
91500 608151821
91600 609547810
91700 610945476
91800 612344754
91900 613745361
92000 615147992
92100 616552296
92200 617958033
92300 619365442
92400 620774556
92500 622185613
92600 623598399
92700 625013122
92800 626428848
92900 627846452
93000 629265726
93100 630686777
93200 632109519
93300 633533993
93400 634960076
93500 636387619
93600 637817045
93700 639247915
93800 640680441
93900 642114512
94000 643550626
94100 644987926
94200 646427190
94300 647868190
94400 649311031
94500 650755024
94600 652200701
94700 653648370
94800 655097658
94900 656548552
95000 658001132
95100 659455269
95200 660911140
95300 662368650
95400 663827786
95500 665288624
95600 666751097
95700 668215286
95800 669680963
95900 671148531
96000 672617974
96100 674088751
96200 675561316
96300 677035292
96400 678511056
96500 679988428
96600 681467463
96700 682948473
96800 684431129
96900 685915356
97000 687401216
97100 688888716
97200 690378001
97300 691868765
97400 693361370
97500 694855621
97600 696351298
97700 697848683
97800 699347818
97900 700848649
98000 702351238
98100 703855298
98200 705360841
98300 706868337
98400 708377632
98500 709888224
98600 711400676
98700 712915027
98800 714431147
98900 715948496
99000 717467811
99100 718988915
99200 720511476
99300 722035829
99400 723562024
99500 725089672
99600 726618958
99700 728150273
99800 729683143
99900 731217759
100000 732754071
