100 181
200 598
300 1248
400 2172
500 3350
600 4839
700 6617
800 8728
900 11143
1000 13819
1100 16783
1200 20126
1300 23792
1400 27740
1500 32045
1600 36641
1700 41593
1800 46881
1900 52515
2000 58489
2100 64851
2200 71570
2300 78550
2400 85997
2500 93696
2600 101858
2700 110335
2800 119214
2900 128380
3000 138003
3100 148043
3200 158447
3300 168980
3400 180038
3500 191545
3600 203238
3700 215499
3800 228076
3900 240819
4000 254153
4100 267862
4200 282048
4300 296689
4400 311698
4500 327053
4600 342675
4700 358831
4800 375453
4900 392316
5000 409653
5100 427296
5200 445435
5300 464015
5400 483115
5500 502534
5600 522397
5700 542339
5800 562803
5900 583947
6000 605529
6100 627148
6200 648989
6300 671810
6400 695126
6500 718805
6600 742941
6700 767369
6800 791927
6900 817043
7000 842633
7100 868547
7200 894933
7300 921534
7400 948412
7500 976268
7600 1004734
7700 1032988
7800 1062336
7900 1091779
8000 1121778
8100 1152161
8200 1182621
8300 1213838
8400 1245566
8500 1277419
8600 1309896
8700 1343028
8800 1376108
8900 1410218
9000 1444106
9100 1479181
9200 1514543
9300 1550106
9400 1586256
9500 1622690
9600 1659585
9700 1696988
9800 1734635
9900 1772617
10000 1811257
10100 1850344
10200 1890080
10300 1930293
10400 1971102
10500 2012027
10600 2053747
10700 2095609
10800 2138037
10900 2180781
11000 2224325
11100 2268482
11200 2312578
11300 2356534
11400 2401697
11500 2447688
11600 2493873
11700 2540266
11800 2586827
11900 2633622
12000 2681581
12100 2729866
12200 2778308
12300 2827665
12400 2877169
12500 2926757
12600 2977018
12700 3027908
12800 3079603
12900 3131004
13000 3182937
13100 3235595
13200 3288450
13300 3342320
13400 3396437
13500 3450889
13600 3505867
13700 3561272
13800 3616950
13900 3674021
14000 3730757
14100 3788471
14200 3846455
14300 3904951
14400 3964232
14500 4023033
14600 4082855
14700 4143098
14800 4203916
14900 4265639
15000 4327299
15100 4389845
15200 4452485
15300 4515719
15400 4579372
15500 4643647
15600 4708206
15700 4773914
15800 4839601
15900 4905902
16000 4972821
16100 5039996
16200 5107873
16300 5175739
16400 5244399
16500 5313241
16600 5382679
16700 5452345
16800 5522524
16900 5593324
17000 5663565
17100 5734326
17200 5806824
17300 5879166
17400 5950896
17500 6024926
17600 6099175
17700 6174154
17800 6249214
17900 6324284
18000 6400657
18100 6476870
18200 6553484
18300 6630798
18400 6708681
18500 6787446
18600 6865818
18700 6945361
18800 7025806
18900 7106257
19000 7186420
19100 7267348
19200 7349170
19300 7431441
19400 7515403
19500 7598903
19600 7682845
19700 7767072
19800 7852141
19900 7937114
20000 8023431
20100 8110071
20200 8196733
20300 8284178
20400 8371924
20500 8460121
20600 8549530
20700 8639221
20800 8730215
20900 8820433
21000 8911545
21100 9001873
21200 9092877
21300 9186259
21400 9279226
21500 9373675
21600 9467252
21700 9561673
21800 9656499
21900 9751806
22000 9848364
22100 9944913
22200 10042078
22300 10139397
22400 10237120
22500 10335647
22600 10433977
22700 10533165
22800 10633209
22900 10733699
23000 10835168
23100 10936644
23200 11038071
23300 11140288
23400 11242897
23500 11346110
23600 11450373
23700 11554240
23800 11658827
23900 11764640
24000 11870613
24100 11977160
24200 12084321
24300 12191434
24400 12298817
24500 12407539
24600 12516462
24700 12626041
24800 12735878
24900 12845575
25000 12956330
25100 13067654
25200 13179587
25300 13291776
25400 13405307
25500 13517422
25600 13632090
25700 13747471
25800 13862590
25900 13978448
26000 14094876
26100 14211466
26200 14328717
26300 14446703
26400 14562921
26500 14681467
26600 14800624
26700 14920014
26800 15040484
26900 15161552
27000 15282144
27100 15403058
27200 15525724
27300 15649006
27400 15772518
27500 15895886
27600 16019111
27700 16144739
27800 16270260
27900 16397258
28000 16523561
28100 16649320
28200 16776792
28300 16904446
28400 17032680
28500 17162386
28600 17289973
28700 17420749
28800 17551595
28900 17682646
29000 17814693
29100 17946901
29200 18079434
29300 18212660
29400 18345090
29500 18479618
29600 18613758
29700 18748266
29800 18884537
29900 19021668
30000 19158397
30100 19295913
30200 19434618
30300 19572448
30400 19711902
30500 19850743
30600 19990835
30700 20131043
30800 20273206
30900 20415373
31000 20557004
31100 20699121
31200 20842509
31300 20986817
31400 21131795
31500 21275730
31600 21420600
31700 21566505
31800 21713000
31900 21859792
32000 22006987
32100 22155346
32200 22302856
32300 22449791
32400 22599261
32500 22749507
32600 22900447
32700 23051659
32800 23203173
32900 23355720
33000 23507897
33100 23662342
33200 23815068
33300 23970155
33400 24125463
33500 24281956
33600 24436687
33700 24594191
33800 24752562
33900 24908279
34000 25066102
34100 25225223
34200 25384609
34300 25544814
34400 25705101
34500 25865278
34600 26025674
34700 26187238
34800 26349020
34900 26511643
35000 26674129
35100 26837566
35200 27002570
35300 27168364
35400 27333874
35500 27498751
35600 27664033
35700 27831606
35800 27999514
35900 28165087
36000 28333272
36100 28502624
36200 28671687
36300 28841313
36400 29012442
36500 29184440
36600 29355998
36700 29528514
36800 29701259
36900 29875018
37000 30048310
37100 30222876
37200 30398041
37300 30573170
37400 30748841
37500 30926136
37600 31102518
37700 31280064
37800 31457623
37900 31636865
38000 31816346
38100 31996760
38200 32177788
38300 32357261
38400 32538293
38500 32720423
38600 32902193
38700 33084479
38800 33268488
38900 33452963
39000 33637540
39100 33821715
39200 34008577
39300 34195054
39400 34379200
39500 34566459
39600 34754283
39700 34942288
39800 35130087
39900 35318738
40000 35509779
40100 35700639
40200 35891678
40300 36084121
40400 36278163
40500 36471400
40600 36664933
40700 36859637
40800 37054044
40900 37251317
41000 37447008
41100 37641968
41200 37839254
41300 38035264
41400 38233331
41500 38431520
41600 38629957
41700 38828375
41800 39028147
41900 39229576
42000 39430452
42100 39631685
42200 39834299
42300 40036812
42400 40241069
42500 40444162
42600 40649022
42700 40853236
42800 41056311
42900 41259975
43000 41465268
43100 41672617
43200 41879994
43300 42087543
43400 42295864
43500 42503963
43600 42714254
43700 42923494
43800 43133011
43900 43344899
44000 43555768
44100 43765422
44200 43978671
44300 44191606
44400 44405648
44500 44621349
44600 44837769
44700 45052488
44800 45267700
44900 45484352
45000 45702445
45100 45919780
45200 46138266
45300 46358377
45400 46578520
45500 46797786
45600 47017799
45700 47235411
45800 47457229
45900 47678276
46000 47900307
46100 48123623
46200 48346938
46300 48571335
46400 48797366
46500 49023306
46600 49246878
46700 49472294
46800 49698739
46900 49925853
47000 50150942
47100 50381164
47200 50609942
47300 50841719
47400 51072221
47500 51302091
47600 51533155
47700 51765805
47800 51997460
47900 52231794
48000 52465133
48100 52698925
48200 52934134
48300 53168533
48400 53405427
48500 53641998
48600 53880526
48700 54118461
48800 54357932
48900 54594429
49000 54833973
49100 55073528
49200 55314443
49300 55555470
49400 55796456
49500 56038556
49600 56281366
49700 56526365
49800 56771765
49900 57017259
50000 57262768
50100 57510710
50200 57755975
50300 58002079
50400 58248310
50500 58497349
50600 58747576
50700 58996181
50800 59245444
50900 59493466
51000 59746216
51100 59998541
51200 60251005
51300 60502195
51400 60756010
51500 61009854
51600 61263463
51700 61518904
51800 61769240
51900 62023873
52000 62278267
52100 62534802
52200 62792498
52300 63051185
52400 63312088
52500 63571493
52600 63830145
52700 64089014
52800 64351344
52900 64614364
53000 64875436
53100 65135221
53200 65399448
53300 65661043
53400 65927256
53500 66189532
53600 66454582
53700 66720722
53800 66987756
53900 67254573
54000 67521838
54100 67789715
54200 68058939
54300 68328569
54400 68597344
54500 68867217
54600 69139092
54700 69411473
54800 69684254
54900 69958717
55000 70231822
55100 70505485
55200 70780183
55300 71051374
55400 71322589
55500 71599142
55600 71876846
55700 72153347
55800 72431593
55900 72705591
56000 72983609
56100 73262523
56200 73542517
56300 73822672
56400 74103777
56500 74386754
56600 74668786
56700 74952469
56800 75236377
56900 75517072
57000 75802099
57100 76084746
57200 76370925
57300 76656994
57400 76944735
57500 77229998
57600 77516608
57700 77803953
57800 78091461
57900 78381239
58000 78670833
58100 78960625
58200 79250863
58300 79539230
58400 79833193
58500 80124981
58600 80419796
58700 80714186
58800 81010607
58900 81307235
59000 81604158
59100 81901909
59200 82197731
59300 82495403
59400 82793284
59500 83091450
59600 83390738
59700 83692081
59800 83991644
59900 84295523
60000 84599207
60100 84901509
60200 85205971
60300 85509948
60400 85815358
60500 86119363
60600 86422280
60700 86728454
60800 87036189
60900 87345017
61000 87652149
61100 87960808
61200 88271175
61300 88580476
61400 88889901
61500 89200971
61600 89512488
61700 89823194
61800 90135162
61900 90444329
62000 90757279
62100 91071503
62200 91386325
62300 91698149
62400 92015669
62500 92330145
62600 92645900
62700 92963407
62800 93278554
62900 93594532
63000 93913588
63100 94234212
63200 94554335
63300 94874385
63400 95195074
63500 95516966
63600 95839674
63700 96161225
63800 96483851
63900 96808729
64000 97131720
64100 97458200
64200 97783517
64300 98110668
64400 98435780
64500 98760449
64600 99089077
64700 99416588
64800 99748576
64900 100078551
65000 100411051
65100 100741886
65200 101075204
65300 101406646
65400 101736635
65500 102069952
65600 102402049
65700 102738445
65800 103075942
65900 103409915
66000 103747708
66100 104084891
66200 104421668
66300 104760416
66400 105098725
66500 105438194
66600 105776692
66700 106116746
66800 106457530
66900 106798719
67000 107141337
67100 107478569
67200 107821761
67300 108162779
67400 108505026
67500 108848896
67600 109193695
67700 109539153
67800 109886636
67900 110233114
68000 110581074
68100 110931727
68200 111279469
68300 111629132
68400 111980860
68500 112329170
68600 112679605
68700 113027756
68800 113379931
68900 113732515
69000 114087105
69100 114437831
69200 114793092
69300 115147157
69400 115502328
69500 115856937
69600 116216859
69700 116573449
69800 116932969
69900 117292275
70000 117652021
70100 118013475
70200 118374164
70300 118734061
70400 119094766
70500 119458972
70600 119819786
70700 120179347
70800 120542128
70900 120909424
71000 121275658
71100 121637000
71200 122002874
71300 122370642
71400 122739386
71500 123110114
71600 123477894
71700 123846975
71800 124214631
71900 124584253
72000 124955033
72100 125326434
72200 125696505
72300 126069479
72400 126441677
72500 126814780
72600 127184371
72700 127555781
72800 127930303
72900 128307044
73000 128680849
73100 129058219
73200 129437450
73300 129814648
73400 130192607
73500 130573470
73600 130953626
73700 131335435
73800 131715639
73900 132097563
74000 132477793
74100 132860718
74200 133243294
74300 133629449
74400 134014505
74500 134400017
74600 134784713
74700 135170902
74800 135557262
74900 135948757
75000 136338619
75100 136725870
75200 137115589
75300 137506667
75400 137898484
75500 138291703
75600 138685962
75700 139080446
75800 139469908
75900 139862928
76000 140253874
76100 140649004
76200 141043581
76300 141439984
76400 141832363
76500 142230656
76600 142628276
76700 143026732
76800 143426696
76900 143827633
77000 144228158
77100 144630793
77200 145032115
77300 145433751
77400 145837251
77500 146240529
77600 146642828
77700 147045387
77800 147449647
77900 147853255
78000 148259751
78100 148665719
78200 149069815
78300 149474376
78400 149882202
78500 150290368
78600 150698533
78700 151107459
78800 151519779
78900 151932061
79000 152341916
79100 152753013
79200 153167809
79300 153578192
79400 153991751
79500 154407633
79600 154823566
79700 155241256
79800 155658314
79900 156075489
80000 156493275
80100 156910069
80200 157332668
80300 157755254
80400 158171412
80500 158594992
80600 159017189
80700 159439590
80800 159863486
80900 160284886
81000 160707543
81100 161131322
81200 161555876
81300 161978572
81400 162405819
81500 162835934
81600 163261671
81700 163686417
81800 164116223
81900 164547390
82000 164976303
82100 165407579
82200 165836308
82300 166271235
82400 166707572
82500 167136294
82600 167565317
82700 167999216
82800 168435791
82900 168871970
83000 169307859
83100 169744971
83200 170183105
83300 170621491
83400 171055272
83500 171494417
83600 171934407
83700 172375162
83800 172815933
83900 173257026
84000 173699207
84100 174142826
84200 174589772
84300 175031362
84400 175478521
84500 175922753
84600 176367931
84700 176810099
84800 177260438
84900 177706216
85000 178154826
85100 178604382
85200 179053886
85300 179502030
85400 179955651
85500 180406548
85600 180859772
85700 181309027
85800 181756970
85900 182207826
86000 182660273
86100 183112127
86200 183566514
86300 184022633
86400 184477617
86500 184932899
86600 185389746
86700 185847122
86800 186301273
86900 186761371
87000 187221629
87100 187683789
87200 188145484
87300 188606826
87400 189063875
87500 189525668
87600 189991881
87700 190456285
87800 190916687
87900 191381515
88000 191844570
88100 192308825
88200 192776345
88300 193246135
88400 193713701
88500 194181168
88600 194649523
88700 195115026
88800 195587593
88900 196061565
89000 196532580
89100 197002716
89200 197477106
89300 197946842
89400 198422882
89500 198896381
89600 199374094
89700 199847911
89800 200325509
89900 200803593
90000 201282030
90100 201756904
90200 202235097
90300 202715407
90400 203193984
90500 203673914
90600 204155565
90700 204637769
90800 205115441
90900 205599668
91000 206086096
91100 206571382
91200 207054111
91300 207538402
91400 208021181
91500 208507305
91600 208992837
91700 209478412
91800 209968259
91900 210457298
92000 210946694
92100 211436554
92200 211920800
92300 212411517
92400 212903558
92500 213390652
92600 213879691
92700 214371837
92800 214857155
92900 215352882
93000 215848417
93100 216341020
93200 216837481
93300 217333106
93400 217832969
93500 218334532
93600 218828339
93700 219324507
93800 219824369
93900 220326537
94000 220825086
94100 221325084
94200 221826937
94300 222328520
94400 222827368
94500 223328187
94600 223832287
94700 224331594
94800 224839474
94900 225345732
95000 225855978
95100 226365021
95200 226871299
95300 227382642
95400 227893170
95500 228400298
95600 228904977
95700 229419668
95800 229930998
95900 230445583
96000 230957493
96100 231472752
96200 231988191
96300 232503143
96400 233020797
96500 233539982
96600 234052261
96700 234567897
96800 235086499
96900 235602227
97000 236122226
97100 236641940
97200 237162155
97300 237681688
97400 238201091
97500 238719741
97600 239239765
97700 239767333
97800 240293633
97900 240813760
98000 241339160
98100 241861431
98200 242393314
98300 242916567
98400 243443806
98500 243973852
98600 244504505
98700 245037797
98800 245566758
98900 246098640
99000 246630521
99100 247161506
99200 247698260
99300 248228128
99400 248764903
99500 249300105
99600 249836838
99700 250372911
99800 250910891
99900 251447674
100000 251983704
