100 815
200 2734
300 6076
400 10215
500 16132
600 23313
700 31572
800 41460
900 51755
1000 63822
1100 77585
1200 93089
1300 109591
1400 127599
1500 148166
1600 168758
1700 191242
1800 214806
1900 240921
2000 267836
2100 297159
2200 327064
2300 361364
2400 395226
2500 431032
2600 469022
2700 506553
2800 548693
2900 592337
3000 638420
3100 683080
3200 728392
3300 777551
3400 824873
3500 874931
3600 925395
3700 978067
3800 1031578
3900 1091963
4000 1147675
4100 1207250
4200 1267186
4300 1328245
4400 1388836
4500 1450710
4600 1514043
4700 1581789
4800 1651783
4900 1730099
5000 1806617
5100 1883637
5200 1965321
5300 2044412
5400 2123590
5500 2204709
5600 2283790
5700 2365503
5800 2449016
5900 2534000
6000 2630347
6100 2718703
6200 2813942
6300 2915288
6400 3011074
6500 3103969
6600 3214984
6700 3313444
6800 3419136
6900 3520086
7000 3638166
7100 3743533
7200 3848429
7300 3966324
7400 4074873
7500 4181469
7600 4296574
7700 4411619
7800 4543493
7900 4665950
8000 4787608
8100 4908325
8200 5027005
8300 5152765
8400 5275784
8500 5413691
8600 5536767
8700 5677836
8800 5810247
8900 5955492
9000 6099907
9100 6241640
9200 6383565
9300 6527802
9400 6674001
9500 6823326
9600 6972991
9700 7116502
9800 7265265
9900 7412880
10000 7572921
10100 7730546
10200 7884249
10300 8043361
10400 8194686
10500 8354473
10600 8511401
10700 8670561
10800 8840251
10900 9016120
11000 9182949
11100 9351561
11200 9516759
11300 9697171
11400 9877837
11500 10069639
11600 10254377
11700 10426282
11800 10608268
11900 10785120
12000 10969838
12100 11165460
12200 11351226
12300 11547017
12400 11742339
12500 11927664
12600 12111778
12700 12314650
12800 12516617
12900 12706494
13000 12904870
13100 13113961
13200 13315756
13300 13525602
13400 13732258
13500 13947599
13600 14178089
13700 14396177
13800 14603660
13900 14826442
14000 15048439
14100 15262225
14200 15480184
14300 15692497
14400 15909331
14500 16137878
14600 16362497
14700 16597190
14800 16819282
14900 17063275
15000 17318693
15100 17546426
15200 17777976
15300 18022718
15400 18263400
15500 18515457
15600 18762657
15700 18995981
15800 19253742
15900 19498755
16000 19746676
16100 19996711
16200 20271191
16300 20512441
16400 20770829
16500 21038147
16600 21289978
16700 21543235
16800 21808912
16900 22061991
17000 22329305
17100 22606678
17200 22866905
17300 23134704
17400 23421223
17500 23703829
17600 24008226
17700 24292626
17800 24561531
17900 24852152
18000 25145145
18100 25439232
18200 25714095
18300 25987949
18400 26260439
18500 26546278
18600 26846482
18700 27134099
18800 27434887
18900 27724316
19000 28039325
19100 28376076
19200 28675088
19300 28973926
19400 29270904
19500 29575203
19600 29880760
19700 30175046
19800 30515745
19900 30822933
20000 31163686
20100 31495080
20200 31830591
20300 32150183
20400 32470140
20500 32822632
20600 33151992
20700 33481235
20800 33820859
20900 34164738
21000 34504336
21100 34835879
21200 35178828
21300 35512567
21400 35852444
21500 36213905
21600 36555995
21700 36892246
21800 37238123
21900 37586680
22000 37938004
22100 38286584
22200 38624756
22300 38980130
22400 39345455
22500 39709732
22600 40072191
22700 40453997
22800 40821230
22900 41229009
23000 41607126
23100 41978184
23200 42349084
23300 42753712
23400 43137453
23500 43543009
23600 43940614
23700 44313976
23800 44733043
23900 45100310
24000 45483083
24100 45854242
24200 46233094
24300 46606879
24400 47007717
24500 47425545
24600 47875113
24700 48289726
24800 48693589
24900 49091548
25000 49482656
25100 49869592
25200 50271473
25300 50669631
25400 51076667
25500 51490407
25600 51900527
25700 52340103
25800 52753002
25900 53158988
26000 53576407
26100 54014956
26200 54454745
26300 54881719
26400 55337509
26500 55761382
26600 56235658
26700 56649938
26800 57069786
26900 57526587
27000 57949931
27100 58381492
27200 58821171
27300 59248298
27400 59680332
27500 60118321
27600 60576023
27700 61031798
27800 61465140
27900 61924176
28000 62373324
28100 62823535
28200 63262740
28300 63718215
28400 64185129
28500 64622836
28600 65104495
28700 65578803
28800 66032038
28900 66497401
29000 66947240
29100 67406924
29200 67879723
29300 68398893
29400 68916009
29500 69426291
29600 69910344
29700 70388287
29800 70882520
29900 71378399
30000 71876005
30100 72371918
30200 72851892
30300 73328154
30400 73847825
30500 74313868
30600 74830988
30700 75346990
30800 75849669
30900 76358999
31000 76881968
31100 77381571
31200 77909310
31300 78429365
31400 78934977
31500 79429913
31600 79951467
31700 80447058
31800 80954579
31900 81477284
32000 82045830
32100 82616392
32200 83134949
32300 83663925
32400 84167448
32500 84784496
32600 85307399
32700 85859558
32800 86378085
32900 86914409
33000 87444014
33100 87976026
33200 88527638
33300 89097200
33400 89643438
33500 90188852
33600 90721479
33700 91294548
33800 91862562
33900 92414343
34000 92972435
34100 93538038
34200 94121112
34300 94682885
34400 95271376
34500 95855467
34600 96442410
34700 96997577
34800 97621995
34900 98190808
35000 98766934
35100 99331155
35200 99960505
35300 100533657
35400 101108595
35500 101677937
35600 102282772
35700 102854454
35800 103457299
35900 104025912
36000 104617340
36100 105218197
36200 105804405
36300 106390128
36400 107009156
36500 107635295
36600 108220518
36700 108821395
36800 109428818
36900 110010904
37000 110608424
37100 111209050
37200 111823890
37300 112461597
37400 113073904
37500 113683656
37600 114292112
37700 114895396
37800 115516376
37900 116136059
38000 116829294
38100 117426675
38200 118124870
38300 118751551
38400 119375649
38500 120042152
38600 120688458
38700 121323706
38800 121952247
38900 122569872
39000 123215082
39100 123872548
39200 124615643
39300 125263860
39400 125916999
39500 126604902
39600 127270573
39700 127977203
39800 128642331
39900 129345289
40000 129985355
40100 130648130
40200 131346126
40300 131984272
40400 132682965
40500 133334274
40600 134036859
40700 134690882
40800 135352912
40900 136021036
41000 136699547
41100 137402535
41200 138088438
41300 138739767
41400 139474851
41500 140154405
41600 140824831
41700 141501769
41800 142209642
41900 142939113
42000 143655027
42100 144343428
42200 145095297
42300 145822400
42400 146530610
42500 147217213
42600 147923225
42700 148649604
42800 149378914
42900 150100624
43000 150786396
43100 151496903
43200 152215803
43300 152948150
43400 153676950
43500 154415870
43600 155162661
43700 155871299
43800 156622620
43900 157336965
44000 158068635
44100 158813088
44200 159589411
44300 160357335
44400 161118344
44500 161849518
44600 162643884
44700 163402769
44800 164153592
44900 164871644
45000 165601941
45100 166339645
45200 167075554
45300 167840366
45400 168647377
45500 169399858
45600 170132317
45700 170974745
45800 171721501
45900 172498990
46000 173270096
46100 174028323
46200 174865647
46300 175622248
46400 176377363
46500 177151148
46600 177964351
46700 178723860
46800 179475012
46900 180302022
47000 181070474
47100 181877296
47200 182741243
47300 183530989
47400 184283976
47500 185059755
47600 185858962
47700 186692130
47800 187496782
47900 188280398
48000 189111936
48100 189900003
48200 190696703
48300 191518440
48400 192405923
48500 193243667
48600 194011839
48700 194805182
48800 195673806
48900 196478681
49000 197298533
49100 198185410
49200 198996819
49300 199824585
49400 200674890
49500 201488548
49600 202324816
49700 203132392
49800 204015603
49900 204958666
50000 205784475
50100 206574668
50200 207384941
50300 208250476
50400 209119634
50500 209995910
50600 210868411
50700 211687153
50800 212535289
50900 213385496
51000 214210692
51100 215097902
51200 215977408
51300 216810785
51400 217679843
51500 218566832
51600 219407103
51700 220270283
51800 221160352
51900 222025773
52000 222905294
52100 223818993
52200 224740148
52300 225657235
52400 226546014
52500 227405267
52600 228270091
52700 229154027
52800 230056662
52900 230936189
53000 231837828
53100 232728320
53200 233645820
53300 234494064
53400 235370239
53500 236249834
53600 237218673
53700 238142050
53800 239053210
53900 239976515
54000 240884929
54100 241784483
54200 242726873
54300 243655018
54400 244559316
54500 245473268
54600 246474545
54700 247425148
54800 248371409
54900 249299691
55000 250275239
55100 251302643
55200 252214737
55300 253139506
55400 254059860
55500 255001071
55600 255912491
55700 256851841
55800 257852838
55900 258794027
56000 259713818
56100 260633495
56200 261558708
56300 262540744
56400 263508130
56500 264473641
56600 265429488
56700 266430484
56800 267459856
56900 268427958
57000 269408048
57100 270395808
57200 271382448
57300 272363667
57400 273468946
57500 274459638
57600 275478579
57700 276463558
57800 277432886
57900 278409605
58000 279392336
58100 280375069
58200 281423427
58300 282410201
58400 283368962
58500 284368694
58600 285462927
58700 286460925
58800 287469652
58900 288441871
59000 289412212
59100 290408717
59200 291362881
59300 292337154
59400 293333351
59500 294313254
59600 295371555
59700 296400985
59800 297432898
59900 298432878
60000 299422417
60100 300426579
60200 301478285
60300 302503437
60400 303562787
60500 304566784
60600 305611260
60700 306696820
60800 307720295
60900 308815377
61000 309938609
61100 311000141
61200 312070535
61300 313104022
61400 314179292
61500 315191259
61600 316267434
61700 317312686
61800 318357884
61900 319445730
62000 320504219
62100 321617633
62200 322662843
62300 323747125
62400 324846168
62500 325967645
62600 327041209
62700 328156540
62800 329208752
62900 330257758
63000 331306293
63100 332354824
63200 333420767
63300 334454657
63400 335494690
63500 336545603
63600 337599683
63700 338664262
63800 339742811
63900 340858959
64000 341921616
64100 343006034
64200 344098898
64300 345267058
64400 346324939
64500 347424664
64600 348516701
64700 349733324
64800 350855954
64900 351948255
65000 353064188
65100 354177971
65200 355302485
65300 356389325
65400 357468784
65500 358571701
65600 359791302
65700 360980151
65800 362169496
65900 363297523
66000 364438227
66100 365554275
66200 366659655
66300 367823520
66400 369021119
66500 370124829
66600 371309181
66700 372450947
66800 373576414
66900 374717358
67000 375854828
67100 377001830
67200 378173512
67300 379390504
67400 380542209
67500 381634864
67600 382783800
67700 383970954
67800 385112209
67900 386333054
68000 387471665
68100 388664611
68200 389956353
68300 391189493
68400 392379665
68500 393587239
68600 394739255
68700 395954540
68800 397200346
68900 398400457
69000 399646804
69100 400913302
69200 402124685
69300 403250802
69400 404520015
69500 405730594
69600 406940165
69700 408132939
69800 409353324
69900 410582035
70000 411817541
70100 413103074
70200 414288908
70300 415460958
70400 416704992
70500 417981246
70600 419212554
70700 420455278
70800 421693940
70900 422937796
71000 424214808
71100 425394123
71200 426695299
71300 427948414
71400 429171493
71500 430408587
71600 431596372
71700 432839696
71800 434013879
71900 435211677
72000 436474690
72100 437695004
72200 438912570
72300 440144037
72400 441342932
72500 442672935
72600 443869042
72700 445107608
72800 446363455
72900 447610950
73000 448859970
73100 450104930
73200 451370738
73300 452613882
73400 453866155
73500 455120526
73600 456488250
73700 457773953
73800 459094631
73900 460398421
74000 461723026
74100 463019302
74200 464306570
74300 465567170
74400 466816934
74500 468050159
74600 469354511
74700 470649895
74800 471952029
74900 473206230
75000 474522801
75100 475771938
75200 477123923
75300 478441707
75400 479677309
75500 480909255
75600 482193779
75700 483528923
75800 484814031
75900 486103460
76000 487440375
76100 488797340
76200 490071803
76300 491378546
76400 492757342
76500 494085214
76600 495425027
76700 496804846
76800 498187571
76900 499465763
77000 500871078
77100 502320631
77200 503630401
77300 504963613
77400 506283599
77500 507617445
77600 508908829
77700 510245608
77800 511583826
77900 512988638
78000 514416954
78100 515759485
78200 517183946
78300 518548684
78400 519935581
78500 521271643
78600 522715449
78700 524040911
78800 525378174
78900 526761191
79000 528112799
79100 529486191
79200 530853210
79300 532241825
79400 533672567
79500 535119284
79600 536575856
79700 537978920
79800 539391504
79900 540760605
80000 542218154
80100 543619351
80200 544954721
80300 546312830
80400 547760332
80500 549171198
80600 550559091
80700 551959257
80800 553307899
80900 554691214
81000 556093341
81100 557461444
81200 558814938
81300 560212261
81400 561603023
81500 562974924
81600 564430698
81700 565862794
81800 567310027
81900 568826168
82000 570309653
82100 571668237
82200 573109856
82300 574508171
82400 576050284
82500 577486488
82600 578887945
82700 580297636
82800 581866481
82900 583366608
83000 584768361
83100 586313350
83200 587816306
83300 589221560
83400 590721564
83500 592182690
83600 593649330
83700 595181515
83800 596620919
83900 598098030
84000 599640775
84100 601117201
84200 602580958
84300 604041328
84400 605559664
84500 607030601
84600 608512850
84700 610107631
84800 611597787
84900 613087156
85000 614734739
85100 616217758
85200 617679788
85300 619286142
85400 620766976
85500 622357492
85600 623903295
85700 625393327
85800 626904691
85900 628446066
86000 630023588
86100 631493986
86200 632958420
86300 634468307
86400 635971388
86500 637516821
86600 639136185
86700 640658282
86800 642175002
86900 643654816
87000 645133072
87100 646699469
87200 648150838
87300 649692833
87400 651276216
87500 652810334
87600 654345440
87700 655833267
87800 657551362
87900 659130024
88000 660651083
88100 662257398
88200 663783049
88300 665399351
88400 666914769
88500 668460144
88600 670055438
88700 671594980
88800 673240157
88900 674863380
89000 676372643
89100 677999294
89200 679546336
89300 681093904
89400 682595858
89500 684215692
89600 685843050
89700 687446138
89800 688968891
89900 690639496
90000 692182186
90100 693841411
90200 695426267
90300 697076816
90400 698703735
90500 700294861
90600 701981640
90700 703667615
90800 705233901
90900 706896405
91000 708418262
91100 710105429
91200 711664506
91300 713266901
91400 714835977
91500 716429270
91600 717974865
91700 719627769
91800 721169172
91900 723028381
92000 724632993
92100 726263502
92200 727951252
92300 729622778
92400 731178803
92500 732802349
92600 734514809
92700 736143735
92800 737761485
92900 739326638
93000 740879156
93100 742563349
93200 744166961
93300 745824826
93400 747483377
93500 749173601
93600 750789459
93700 752392269
93800 754028463
93900 755703285
94000 757574757
94100 759231291
94200 760888628
94300 762577193
94400 764284041
94500 765926305
94600 767588938
94700 769211289
94800 770884649
94900 772533815
95000 774210881
95100 775978726
95200 777747180
95300 779532804
95400 781298945
95500 782970303
95600 784601160
95700 786423198
95800 788122667
95900 789796420
96000 791545578
96100 793186614
96200 794917250
96300 796581189
96400 798414538
96500 800095733
96600 801797141
96700 803455609
96800 805239667
96900 806992129
97000 808731312
97100 810529362
97200 812201544
97300 813914900
97400 815580331
97500 817329397
97600 819095565
97700 820815217
97800 822554858
97900 824221243
98000 825862928
98100 827602150
98200 829364176
98300 831116268
98400 832869574
98500 834678209
98600 836503451
98700 838209343
98800 839983893
98900 841731533
99000 843459916
99100 845137345
99200 846875013
99300 848752712
99400 850556198
99500 852297877
99600 854117390
99700 855881564
99800 857594876
99900 859334057
100000 861185280
