100 1665
200 5553
300 11877
400 20760
500 32292
600 46710
700 63945
800 84090
900 107181
1000 133332
1100 162552
1200 194964
1300 230442
1400 269139
1500 311097
1600 356229
1700 404631
1800 456234
1900 511194
2000 569505
2100 631041
2200 696063
2300 764442
2400 836382
2500 911763
2600 990594
2700 1072737
2800 1158495
2900 1247805
3000 1340580
3100 1436871
3200 1536690
3300 1640055
3400 1746960
3500 1857516
3600 1971444
3700 2089110
3800 2210232
3900 2334915
4000 2463393
4100 2595339
4200 2730993
4300 2870487
4400 3013641
4500 3160416
4600 3310983
4700 3465498
4800 3623757
4900 3785616
5000 3951261
5100 4120674
5200 4293885
5300 4471005
5400 4651686
5500 4836174
5600 5024490
5700 5216556
5800 5412561
5900 5612229
6000 5815695
6100 6023112
6200 6234345
6300 6449517
6400 6668517
6500 6891267
6600 7117908
6700 7348314
6800 7582674
6900 7821012
7000 8063082
7100 8308920
7200 8558499
7300 8812326
7400 9070026
7500 9331542
7600 9596751
7700 9866121
7800 10139082
7900 10416009
8000 10697031
8100 10981809
8200 11270424
8300 11562921
8400 11859558
8500 12160317
8600 12465156
8700 12773913
8800 13086747
8900 13403550
9000 13724355
9100 14049348
9200 14378295
9300 14711424
9400 15048639
9500 15389616
9600 15734832
9700 16084248
9800 16437369
9900 16794690
10000 17155998
10100 17521200
10200 17890509
10300 18264087
10400 18641700
10500 19023321
10600 19409247
10700 19799070
10800 20193039
10900 20591040
11000 20993070
11100 21399199
11200 21809449
11300 22224007
11400 22642195
11500 23064814
11600 23491222
11700 23921944
11800 24356674
11900 24795631
12000 25238788
12100 25685728
12200 26136703
12300 26592031
12400 27051610
12500 27514957
12600 27982666
12700 28454503
12800 28930477
12900 29410975
13000 29895217
13100 30383521
13200 30876031
13300 31372831
13400 31873909
13500 32379373
13600 32888485
13700 33401935
13800 33919792
13900 34441744
14000 34967914
14100 35498416
14200 36032818
14300 36571288
14400 37114348
14500 37661224
14600 38212519
14700 38767711
14800 39327217
14900 39890878
15000 40458673
15100 41030544
15200 41606928
15300 42187443
15400 42771807
15500 43360467
15600 43953744
15700 44550750
15800 45152181
15900 45757881
16000 46367412
16100 46981470
16200 47599680
16300 48221739
16400 48848004
16500 49479054
16600 50114325
16700 50753613
16800 51397434
16900 52045437
17000 52697760
17100 53354670
17200 54015825
17300 54680853
17400 55350372
17500 56024205
17600 56702391
17700 57385062
17800 58072596
17900 58764312
18000 59460179
18100 60160562
18200 60865085
18300 61573883
18400 62286839
18500 63004409
18600 63726593
18700 64452878
18800 65183321
18900 65918180
19000 66657152
19100 67400507
19200 68148404
19300 68900579
19400 69656843
19500 70417697
19600 71182784
19700 71952470
19800 72726494
19900 73505111
20000 74287247
20100 75074345
20200 75865748
20300 76661641
20400 77461555
20500 78266122
20600 79075213
20700 79888372
20800 80705944
20900 81528490
21000 82355242
21100 83186038
21200 84021280
21300 84860731
21400 85704628
21500 86552920
21600 87405181
21700 88261918
21800 89123011
21900 89989024
22000 90859075
22100 91733704
22200 92612723
22300 93496283
22400 94383683
22500 95275724
22600 96171992
22700 97072865
22800 97977794
22900 98887301
23000 99801509
23100 100720076
23200 101643071
23300 102570122
23400 103501583
23500 104437880
23600 105377999
23700 106322696
23800 107272148
23900 108225905
24000 109183802
24100 110146016
24200 111112274
24300 112083056
24400 113058161
24500 114037505
24600 115021574
24700 116010299
24800 117003305
24900 118000964
25000 119002733
25100 120008966
25200 121019729
25300 122034962
25400 123054857
25500 124078850
25600 125107313
25700 126140117
25800 127177115
25900 128218757
26000 129264791
26100 130315826
26200 131370755
26300 132430532
26400 133494833
26500 134563628
26600 135636767
26700 136714688
26800 137796740
26900 138883433
27000 139975089
27100 141071079
27200 142171845
27300 143276511
27400 144386271
27500 145500378
27600 146618598
27700 147741297
27800 148868544
27900 150000408
28000 151136760
28100 152277438
28200 153422430
28300 154571684
28400 155725895
28500 156883958
28600 158046893
28700 159214499
28800 160386215
28900 161562629
29000 162743513
29100 163928954
29200 165118472
29300 166312727
29400 167511602
29500 168714884
29600 169922651
29700 171134621
29800 172351301
29900 173572442
30000 174797873
30100 176028350
30200 177262712
30300 178501967
30400 179745215
30500 180993437
30600 182246234
30700 183503539
30800 184765390
30900 186031729
31000 187302268
31100 188577373
31200 189856963
31300 191141548
31400 192430330
31500 193723381
31600 195021181
31700 196323427
31800 197630109
31900 198941169
32000 200257011
32100 201576957
32200 202901577
32300 204230424
32400 205563933
32500 206902167
32600 208244772
32700 209592015
32800 210943537
32900 212299414
33000 213659815
33100 215024713
33200 216394369
33300 217768645
33400 219147742
33500 220531006
33600 221919271
33700 223312009
33800 224709633
33900 226111545
34000 227518110
34100 228929724
34200 230345751
34300 231766200
34400 233191710
34500 234621534
34600 236056050
34700 237495812
34800 238939886
34900 240388937
35000 241842278
35100 243299891
35200 244762499
35300 246229394
35400 247701845
35500 249178295
35600 250659252
35700 252145032
35800 253635231
35900 255130131
36000 256629648
36100 258134148
36200 259643055
36300 261156249
36400 262674272
36500 264197312
36600 265724432
36700 267256895
36800 268793201
36900 270334148
37000 271879724
37100 273430268
37200 274985567
37300 276545635
37400 278110036
37500 279679174
37600 281253289
37700 282831955
37800 284415388
37900 286003081
38000 287595754
38100 289193143
38200 290794885
38300 292401271
38400 294011869
38500 295627828
38600 297248167
38700 298872805
38800 300502495
38900 302136394
39000 303774919
39100 305418175
39200 307065841
39300 308718718
39400 310376038
39500 312037918
39600 313705198
39700 315376690
39800 317052487
39900 318733426
40000 320419354
40100 322109362
40200 323804206
40300 325503231
40400 327207033
40500 328915275
40600 330628623
40700 332346378
40800 334068771
40900 335795781
41000 337527319
41100 339263509
41200 341004334
41300 342750004
41400 344500423
41500 346255330
41600 348014782
41700 349779136
41800 351548077
41900 353321866
42000 355099996
42100 356882713
42200 358670413
42300 360462985
42400 362260753
42500 364062361
42600 365869159
42700 367680652
42800 369496948
42900 371317428
43000 373142325
43100 374972031
43200 376807230
43300 378646329
43400 380490024
43500 382338429
43600 384191604
43700 386049462
43800 387912321
43900 389779866
44000 391652013
44100 393528657
44200 395410539
44300 397297467
44400 399189465
44500 401085915
44600 402987000
44700 404892474
44800 406802460
44900 408716493
45000 410635620
45100 412559175
45200 414487509
45300 416420562
45400 418357722
45500 420300402
45600 422247990
45700 424199421
45800 426155889
45900 428117373
46000 430083084
46100 432053322
46200 434028495
46300 436008543
46400 437993592
46500 439983204
46600 441977928
46700 443976780
46800 445980687
46900 447989418
47000 450002316
47100 452019975
47200 454042263
47300 456069375
47400 458101299
47500 460137774
47600 462179106
47700 464224977
47800 466275993
47900 468331596
48000 470391432
48100 472455762
48200 474525990
48300 476600082
48400 478678575
48500 480762120
48600 482850750
48700 484943808
48800 487041870
48900 489144363
49000 491251437
49100 493362792
49200 495478923
49300 497600364
49400 499725759
49500 501856362
49600 503991570
49700 506131620
49800 508276581
49900 510425982
50000 512580051
50100 514739043
50200 516903168
50300 519071305
50400 521243830
50500 523421860
50600 525604174
50700 527791814
50800 529984127
50900 532180949
51000 534383201
51100 536589581
51200 538800629
51300 541016213
51400 543237428
51500 545462798
51600 547692890
51700 549927806
51800 552168092
51900 554412953
52000 556662638
52100 558916746
52200 561176412
52300 563440221
52400 565708224
52500 567981042
52600 570258762
52700 572541975
52800 574829049
52900 577121259
53000 579417945
53100 581719563
53200 584025957
53300 586336881
53400 588652474
53500 590973424
53600 593298769
53700 595628509
53800 597963791
53900 600304160
54000 602648654
54100 604998935
54200 607353324
54300 609712473
54400 612075912
54500 614444697
54600 616818845
54700 619196996
54800 621580772
54900 623968949
55000 626361422
55100 628758617
55200 631160426
55300 633567353
55400 635979056
55500 638394653
55600 640815776
55700 643241821
55800 645671977
55900 648107323
56000 650547175
56100 652992225
56200 655442079
56300 657896811
56400 660356427
56500 662820554
56600 665289425
56700 667763282
56800 670241543
56900 672724454
57000 675212597
57100 677705360
57200 680202367
57300 682703332
57400 685209544
57500 687720394
57600 690235677
57700 692756361
57800 695281401
57900 697811871
58000 700347312
58100 702887103
58200 705431715
58300 707981555
58400 710536322
58500 713095907
58600 715660469
58700 718229399
58800 720803864
58900 723382580
59000 725966162
59100 728554715
59200 731147357
59300 733744892
59400 736346720
59500 738953753
59600 741565444
59700 744182617
59800 746804497
59900 749432308
60000 752063623
60100 754699903
60200 757340707
60300 759986016
60400 762636702
60500 765291969
60600 767951733
60700 770616423
60800 773285685
60900 775959851
61000 778638881
61100 781322873
61200 784011839
61300 786705443
61400 789403727
61500 792106366
61600 794814736
61700 797527504
61800 800245063
61900 802967215
62000 805694278
62100 808426669
62200 811163097
62300 813904797
62400 816650547
62500 819402390
62600 822158931
62700 824920431
62800 827686454
62900 830456405
63000 833231243
63100 836011556
63200 838796423
63300 841585070
63400 844379592
63500 847178763
63600 849982407
63700 852791211
63800 855605289
63900 858423644
64000 861246542
64100 864074594
64200 866906708
64300 869743736
64400 872585947
64500 875433298
64600 878285295
64700 881141739
64800 884003064
64900 886869444
65000 889740138
65100 892616175
65200 895496601
65300 898381998
65400 901272152
65500 904166822
65600 907066388
65700 909971077
65800 912881008
65900 915796036
66000 918714901
66100 921638881
66200 924568063
66300 927502837
66400 930442264
66500 933385762
66600 936334498
66700 939288256
66800 942247108
66900 945210736
67000 948179837
67100 951153779
67200 954133153
67300 957116929
67400 960105496
67500 963098753
67600 966096977
67700 969100411
67800 972108472
67900 975121837
68000 978139855
68100 981162280
68200 984189922
68300 987222232
68400 990259672
68500 993301993
68600 996349306
68700 999402106
68800 1002460091
68900 1005522776
69000 1008589772
69100 1011662207
69200 1014739341
69300 1017821610
69400 1020908943
69500 1024001339
69600 1027098512
69700 1030200183
69800 1033306701
69900 1036418820
70000 1039535273
70100 1042656068
70200 1045781928
70300 1048913622
70400 1052049375
70500 1055190741
70600 1058336883
70700 1061488284
70800 1064644005
70900 1067804608
71000 1070970064
71100 1074140592
71200 1077315966
71300 1080496221
71400 1083681129
71500 1086871917
71600 1090066703
71700 1093265708
71800 1096470453
71900 1099681050
72000 1102895980
72100 1106115973
72200 1109341099
72300 1112571475
72400 1115805247
72500 1119044951
72600 1122290141
72700 1125539655
72800 1128793689
72900 1132052771
73000 1135316489
73100 1138585348
73200 1141858990
73300 1145138319
73400 1148422965
73500 1151712597
73600 1155005473
73700 1158304033
73800 1161607392
73900 1164916536
74000 1168230840
74100 1171550478
74200 1174874121
74300 1178202000
74400 1181535755
74500 1184874752
74600 1188218170
74700 1191566035
74800 1194919578
74900 1198277877
75000 1201641043
75100 1205008963
75200 1208381953
75300 1211760037
75400 1215143251
75500 1218531688
75600 1221924379
75700 1225322779
75800 1228725619
75900 1232132587
76000 1235544992
76100 1238962487
76200 1242385295
76300 1245812936
76400 1249244720
76500 1252681541
76600 1256123939
76700 1259571047
76800 1263022535
76900 1266479361
77000 1269941613
77100 1273408902
77200 1276880703
77300 1280357333
77400 1283838911
77500 1287326090
77600 1290817160
77700 1294313617
77800 1297814830
77900 1301321318
78000 1304832950
78100 1308349751
78200 1311871889
78300 1315398239
78400 1318929979
78500 1322465737
78600 1326006180
78700 1329552117
78800 1333103301
78900 1336658586
79000 1340219200
79100 1343784721
79200 1347355151
79300 1350930845
79400 1354511622
79500 1358096945
79600 1361687459
79700 1365282580
79800 1368883228
79900 1372488791
80000 1376098775
80100 1379714842
80200 1383336079
80300 1386961861
80400 1390592010
80500 1394228550
80600 1397868719
80700 1401514097
80800 1405164670
80900 1408820098
81000 1412479672
81100 1416144626
81200 1419814145
81300 1423488863
81400 1427168024
81500 1430853206
81600 1434543185
81700 1438237418
81800 1441938083
81900 1445642316
82000 1449351498
82100 1453065211
82200 1456784734
82300 1460509687
82400 1464239260
82500 1467974206
82600 1471713757
82700 1475457605
82800 1479207569
82900 1482962065
83000 1486720984
83100 1490484689
83200 1494253704
83300 1498027437
83400 1501806128
83500 1505589515
83600 1509378215
83700 1513171698
83800 1516971021
83900 1520776070
84000 1524585641
84100 1528400690
84200 1532219891
84300 1536043022
84400 1539871907
84500 1543704886
84600 1547543929
84700 1551388675
84800 1555237518
84900 1559091180
85000 1562950368
85100 1566813750
85200 1570682088
85300 1574556301
85400 1578435561
85500 1582319583
85600 1586207524
85700 1590101301
85800 1594000524
85900 1597904114
86000 1601812551
86100 1605726105
86200 1609645225
86300 1613568983
86400 1617497765
86500 1621431217
86600 1625369854
86700 1629312667
86800 1633260721
86900 1637214211
87000 1641172246
87100 1645134814
87200 1649102647
87300 1653074854
87400 1657052758
87500 1661035725
87600 1665023724
87700 1669017750
87800 1673016213
87900 1677019079
88000 1681028084
88100 1685040918
88200 1689058730
88300 1693081103
88400 1697108153
88500 1701141329
88600 1705179491
88700 1709223821
88800 1713272272
88900 1717324897
89000 1721382415
89100 1725446001
89200 1729514136
89300 1733586806
89400 1737665351
89500 1741748802
89600 1745836566
89700 1749929742
89800 1754028127
89900 1758131170
90000 1762239385
90100 1766353036
90200 1770471427
90300 1774593792
90400 1778721648
90500 1782854196
90600 1786991357
90700 1791134708
90800 1795282049
90900 1799434595
91000 1803591925
91100 1807754755
91200 1811922841
91300 1816095580
91400 1820273356
91500 1824455464
91600 1828643431
91700 1832836428
91800 1837034262
91900 1841236083
92000 1845443976
92100 1849656890
92200 1853874100
92300 1858096327
92400 1862323669
92500 1866556841
92600 1870795199
92700 1875039366
92800 1879286544
92900 1883539357
93000 1887797180
93100 1892060331
93200 1896328557
93300 1900601979
93400 1904880228
93500 1909162858
93600 1913451136
93700 1917743747
93800 1922041324
93900 1926343538
94000 1930651880
94100 1934963780
94200 1939281570
94300 1943604572
94400 1947933093
94500 1952265072
94600 1956602104
94700 1960945111
94800 1965292976
94900 1969645656
95000 1974003396
95100 1978365808
95200 1982733421
95300 1987105950
95400 1991483358
95500 1995865872
95600 2000253293
95700 2004645860
95800 2009042891
95900 2013445594
96000 2017853923
96100 2022266254
96200 2026683949
96300 2031105876
96400 2035533168
96500 2039965286
96600 2044402391
96700 2048845421
96800 2053293389
96900 2057746068
97000 2062203650
97100 2066666148
97200 2071134003
97300 2075606295
97400 2080084110
97500 2084566864
97600 2089053894
97700 2093546051
97800 2098043454
97900 2102545947
98000 2107053714
98100 2111565894
98200 2116082525
98300 2120605011
98400 2125132897
98500 2129664674
98600 2134202028
98700 2138745082
98800 2143293442
98900 2147845489
99000 2152403433
99100 2156966747
99200 2161534430
99300 2166107487
99400 2170686072
99500 2175269017
99600 2179856875
99700 2184450820
99800 2189049429
99900 2193653278
100000 2198262213
