100 324
200 982
300 2120
400 3518
500 5436
600 7732
700 10432
800 13474
900 16889
1000 20845
1100 25100
1200 29827
1300 34935
1400 40251
1500 46126
1600 52351
1700 59040
1800 66121
1900 73495
2000 81335
2100 89426
2200 97892
2300 106777
2400 116179
2500 126107
2600 136571
2700 147236
2800 158005
2900 169089
3000 180732
3100 192946
3200 205444
3300 218706
3400 231914
3500 245386
3600 259553
3700 273896
3800 288608
3900 303232
4000 318850
4100 334671
4200 351335
4300 368261
4400 385528
4500 402891
4600 420939
4700 439350
4800 457537
4900 476235
5000 495105
5100 514600
5200 533912
5300 554301
5400 574850
5500 595776
5600 617046
5700 638596
5800 660575
5900 682831
6000 705013
6100 728488
6200 751429
6300 774631
6400 798797
6500 823121
6600 847257
6700 872193
6800 897451
6900 923047
7000 948780
7100 975803
7200 1002957
7300 1030045
7400 1057674
7500 1085989
7600 1114098
7700 1142300
7800 1170950
7900 1200027
8000 1229438
8100 1259210
8200 1290074
8300 1320681
8400 1351722
8500 1382396
8600 1414667
8700 1445900
8800 1478208
8900 1510194
9000 1543004
9100 1576044
9200 1609576
9300 1642898
9400 1676834
9500 1710933
9600 1745552
9700 1780753
9800 1816265
9900 1852400
10000 1888241
10100 1924811
10200 1961515
10300 1998687
10400 2036811
10500 2075000
10600 2113458
10700 2152418
10800 2191627
10900 2230489
11000 2270301
11100 2309979
11200 2351208
11300 2391825
11400 2432804
11500 2473924
11600 2515452
11700 2557529
11800 2600230
11900 2643029
12000 2686519
12100 2729286
12200 2773191
12300 2817634
12400 2862108
12500 2907366
12600 2953525
12700 2998771
12800 3044883
12900 3091065
13000 3137555
13100 3183957
13200 3230987
13300 3278513
13400 3326516
13500 3374621
13600 3421792
13700 3470076
13800 3519612
13900 3569151
14000 3618891
14100 3669333
14200 3721229
14300 3773784
14400 3825351
14500 3877260
14600 3930182
14700 3982864
14800 4036579
14900 4089171
15000 4141780
15100 4196144
15200 4250845
15300 4305102
15400 4360505
15500 4415387
15600 4471252
15700 4528197
15800 4584361
15900 4642059
16000 4698904
16100 4756539
16200 4814127
16300 4873043
16400 4932055
16500 4990478
16600 5050114
16700 5110715
16800 5170944
16900 5232141
17000 5292767
17100 5354161
17200 5415669
17300 5477200
17400 5538124
17500 5600303
17600 5662450
17700 5724603
17800 5788218
17900 5851408
18000 5915568
18100 5980618
18200 6046258
18300 6112534
18400 6179301
18500 6245743
18600 6311803
18700 6378211
18800 6445592
18900 6513061
19000 6580319
19100 6647442
19200 6716020
19300 6785493
19400 6855147
19500 6925871
19600 6996024
19700 7066771
19800 7136286
19900 7207574
20000 7278058
20100 7349162
20200 7419849
20300 7492306
20400 7564328
20500 7636492
20600 7709904
20700 7783317
20800 7857642
20900 7931358
21000 8006240
21100 8081241
21200 8156580
21300 8232319
21400 8309971
21500 8386690
21600 8464293
21700 8542011
21800 8619114
21900 8696686
22000 8774923
22100 8854261
22200 8934421
22300 9013226
22400 9093178
22500 9172621
22600 9253323
22700 9333329
22800 9413477
22900 9494462
23000 9575599
23100 9657787
23200 9739577
23300 9821306
23400 9903961
23500 9986403
23600 10069029
23700 10153587
23800 10236216
23900 10321234
24000 10406948
24100 10493205
24200 10579300
24300 10666274
24400 10752535
24500 10838829
24600 10923913
24700 11010815
24800 11098484
24900 11187223
25000 11276396
25100 11366208
25200 11454727
25300 11544656
25400 11634682
25500 11725940
25600 11817298
25700 11908346
25800 11999731
25900 12091933
26000 12184194
26100 12275914
26200 12368286
26300 12461324
26400 12553814
26500 12648879
26600 12741470
26700 12836494
26800 12931729
26900 13026155
27000 13122887
27100 13219186
27200 13315908
27300 13413138
27400 13510894
27500 13609054
27600 13706110
27700 13804513
27800 13903041
27900 14001941
28000 14101501
28100 14200615
28200 14300467
28300 14400357
28400 14500796
28500 14603145
28600 14703705
28700 14805345
28800 14908105
28900 15010848
29000 15115164
29100 15218574
29200 15322663
29300 15425311
29400 15528628
29500 15632221
29600 15737617
29700 15842770
29800 15948372
29900 16054808
30000 16161277
30100 16267618
30200 16374999
30300 16483223
30400 16590054
30500 16699605
30600 16807208
30700 16916076
30800 17025669
30900 17134816
31000 17244702
31100 17356381
31200 17467129
31300 17577563
31400 17690215
31500 17803332
31600 17915245
31700 18030312
31800 18144057
31900 18258315
32000 18371015
32100 18483934
32200 18597772
32300 18712837
32400 18829411
32500 18942914
32600 19059564
32700 19175908
32800 19293891
32900 19411614
33000 19530142
33100 19648719
33200 19766964
33300 19885106
33400 20004698
33500 20124559
33600 20245355
33700 20365566
33800 20486306
33900 20607652
34000 20728887
34100 20850208
34200 20971503
34300 21093790
34400 21215436
34500 21337404
34600 21460276
34700 21585628
34800 21708275
34900 21833409
35000 21958803
35100 22085125
35200 22208886
35300 22335726
35400 22462287
35500 22589699
35600 22716138
35700 22844632
35800 22973157
35900 23102518
36000 23231328
36100 23359144
36200 23488520
36300 23619395
36400 23750061
36500 23879831
36600 24012011
36700 24143632
36800 24275639
36900 24409144
37000 24542175
37100 24675232
37200 24809303
37300 24942409
37400 25076621
37500 25211426
37600 25347141
37700 25482233
37800 25617802
37900 25754290
38000 25889065
38100 26027019
38200 26161294
38300 26299719
38400 26438911
38500 26576094
38600 26713771
38700 26853430
38800 26993512
38900 27134543
39000 27275273
39100 27415129
39200 27554672
39300 27694915
39400 27836473
39500 27977899
39600 28121340
39700 28262827
39800 28405133
39900 28547793
40000 28693327
40100 28839416
40200 28984620
40300 29130991
40400 29275924
40500 29423010
40600 29568219
40700 29716150
40800 29863290
40900 30011387
41000 30159981
41100 30307906
41200 30456771
41300 30606896
41400 30755506
41500 30905202
41600 31056150
41700 31206340
41800 31357545
41900 31509192
42000 31661071
42100 31813985
42200 31965442
42300 32117593
42400 32271193
42500 32425439
42600 32579474
42700 32733311
42800 32889070
42900 33044730
43000 33201751
43100 33358261
43200 33515893
43300 33673035
43400 33829903
43500 33987221
43600 34144102
43700 34303662
43800 34462755
43900 34622460
44000 34782308
44100 34941680
44200 35100789
44300 35261088
44400 35422424
44500 35584591
44600 35745113
44700 35907213
44800 36069896
44900 36234870
45000 36399314
45100 36563394
45200 36729428
45300 36895000
45400 37058451
45500 37225145
45600 37391922
45700 37555868
45800 37722984
45900 37890275
46000 38057657
46100 38225627
46200 38392406
46300 38561713
46400 38732404
46500 38902043
46600 39070028
46700 39242019
46800 39414109
46900 39582504
47000 39754796
47100 39926090
47200 40097156
47300 40270414
47400 40446055
47500 40620364
47600 40793821
47700 40966413
47800 41140324
47900 41314892
48000 41490341
48100 41667164
48200 41844268
48300 42019570
48400 42195567
48500 42372100
48600 42551843
48700 42730227
48800 42908320
48900 43087547
49000 43267209
49100 43444854
49200 43625363
49300 43806212
49400 43986939
49500 44169564
49600 44351724
49700 44536002
49800 44716778
49900 44898435
50000 45082501
50100 45267945
50200 45454186
50300 45639359
50400 45823726
50500 46009242
50600 46195071
50700 46382672
50800 46568788
50900 46755539
51000 46944430
51100 47131990
51200 47320933
51300 47511704
51400 47700737
51500 47889249
51600 48080122
51700 48270073
51800 48460324
51900 48651259
52000 48842577
52100 49033365
52200 49224606
52300 49415573
52400 49609457
52500 49804544
52600 49998360
52700 50192549
52800 50388408
52900 50584262
53000 50778915
53100 50975542
53200 51172257
53300 51371742
53400 51569078
53500 51767148
53600 51964454
53700 52161608
53800 52360888
53900 52560157
54000 52759970
54100 52959963
54200 53159821
54300 53360214
54400 53563059
54500 53766479
54600 53966204
54700 54167642
54800 54371145
54900 54574716
55000 54776551
55100 54978452
55200 55183595
55300 55389415
55400 55596196
55500 55800859
55600 56007443
55700 56214928
55800 56419835
55900 56626884
56000 56835638
56100 57046182
56200 57255254
56300 57463136
56400 57672129
56500 57881026
56600 58090439
56700 58299387
56800 58507505
56900 58719534
57000 58931988
57100 59142348
57200 59354369
57300 59566840
57400 59777337
57500 59989749
57600 60202849
57700 60417400
57800 60632932
57900 60848777
58000 61065301
58100 61282378
58200 61498573
58300 61717062
58400 61936126
58500 62153791
58600 62369645
58700 62588472
58800 62808476
58900 63028997
59000 63250512
59100 63471610
59200 63694928
59300 63917797
59400 64139812
59500 64363310
59600 64585597
59700 64808789
59800 65031098
59900 65255537
60000 65481154
60100 65706286
60200 65931513
60300 66158913
60400 66384085
60500 66610760
60600 66837710
60700 67065018
60800 67293128
60900 67518428
61000 67744929
61100 67971896
61200 68199813
61300 68430461
61400 68660142
61500 68892349
61600 69121971
61700 69352785
61800 69585353
61900 69819094
62000 70051891
62100 70283414
62200 70518134
62300 70750080
62400 70982967
62500 71216179
62600 71451056
62700 71684510
62800 71921574
62900 72159301
63000 72398175
63100 72635818
63200 72874541
63300 73115258
63400 73355448
63500 73595048
63600 73835813
63700 74076836
63800 74318326
63900 74559224
64000 74800820
64100 75043112
64200 75285328
64300 75523533
64400 75767923
64500 76010792
64600 76254672
64700 76494776
64800 76738664
64900 76984889
65000 77229148
65100 77475596
65200 77722551
65300 77970415
65400 78218834
65500 78466133
65600 78711278
65700 78960654
65800 79206981
65900 79456170
66000 79705180
66100 79955470
66200 80207229
66300 80456639
66400 80704627
66500 80957954
66600 81208924
66700 81462329
66800 81716379
66900 81971000
67000 82225027
67100 82480687
67200 82733776
67300 82986577
67400 83241994
67500 83500204
67600 83755937
67700 84012061
67800 84270356
67900 84525776
68000 84785309
68100 85042530
68200 85299350
68300 85556834
68400 85815983
68500 86074522
68600 86336519
68700 86597109
68800 86856414
68900 87117795
69000 87378951
69100 87639164
69200 87900263
69300 88167548
69400 88430317
69500 88695362
69600 88959987
69700 89226246
69800 89492055
69900 89757330
70000 90023441
70100 90288166
70200 90557924
70300 90827977
70400 91095668
70500 91363276
70600 91632104
70700 91902333
70800 92171413
70900 92441981
71000 92709627
71100 92982549
71200 93252061
71300 93524332
71400 93797579
71500 94071148
71600 94348060
71700 94620653
71800 94896245
71900 95174371
72000 95448040
72100 95724844
72200 96003109
72300 96279649
72400 96558197
72500 96834768
72600 97114559
72700 97393593
72800 97672383
72900 97952943
73000 98232583
73100 98513128
73200 98794368
73300 99075424
73400 99357693
73500 99639319
73600 99918584
73700 100201052
73800 100481846
73900 100763930
74000 101047217
74100 101331960
74200 101616667
74300 101902611
74400 102188880
74500 102476248
74600 102762711
74700 103048596
74800 103334515
74900 103623975
75000 103910859
75100 104200775
75200 104487765
75300 104774915
75400 105067777
75500 105361700
75600 105652285
75700 105943301
75800 106237167
75900 106528582
76000 106820849
76100 107112731
76200 107408502
76300 107702401
76400 107994152
76500 108290438
76600 108584694
76700 108876913
76800 109170552
76900 109468707
77000 109762848
77100 110058775
77200 110358502
77300 110654970
77400 110954816
77500 111252667
77600 111553304
77700 111853274
77800 112153459
77900 112453394
78000 112754327
78100 113055584
78200 113353854
78300 113655925
78400 113957443
78500 114263461
78600 114565209
78700 114870657
78800 115177324
78900 115481012
79000 115785087
79100 116090973
79200 116395804
79300 116702174
79400 117007493
79500 117314210
79600 117619919
79700 117929236
79800 118236540
79900 118545974
80000 118854314
80100 119164164
80200 119476521
80300 119789140
80400 120100059
80500 120411804
80600 120724438
80700 121038327
80800 121353397
80900 121666372
81000 121981178
81100 122298029
81200 122615203
81300 122930742
81400 123246408
81500 123563377
81600 123879548
81700 124194440
81800 124512753
81900 124826806
82000 125143271
82100 125464471
82200 125782617
82300 126104439
82400 126421524
82500 126739504
82600 127061442
82700 127383567
82800 127701699
82900 128020764
83000 128343946
83100 128662493
83200 128982196
83300 129307654
83400 129633458
83500 129957466
83600 130281442
83700 130604320
83800 130930858
83900 131257217
84000 131583342
84100 131909070
84200 132236712
84300 132564048
84400 132890413
84500 133219937
84600 133547772
84700 133873331
84800 134204090
84900 134534038
85000 134860450
85100 135192183
85200 135524517
85300 135854752
85400 136189102
85500 136522827
85600 136854449
85700 137189831
85800 137525550
85900 137857973
86000 138193672
86100 138530509
86200 138867894
86300 139204011
86400 139542120
86500 139878766
86600 140213765
86700 140550960
86800 140889520
86900 141231491
87000 141573492
87100 141914541
87200 142257944
87300 142598166
87400 142938473
87500 143278689
87600 143620617
87700 143965089
87800 144302711
87900 144642615
88000 144988166
88100 145330741
88200 145678247
88300 146023732
88400 146371818
88500 146720721
88600 147066310
88700 147415760
88800 147761156
88900 148105987
89000 148457661
89100 148804335
89200 149154983
89300 149505652
89400 149858556
89500 150208441
89600 150558407
89700 150906929
89800 151261043
89900 151609542
90000 151964755
90100 152315907
90200 152670037
90300 153022062
90400 153377069
90500 153733080
90600 154082979
90700 154439030
90800 154796336
90900 155149970
91000 155510347
91100 155864436
91200 156224429
91300 156583302
91400 156944001
91500 157303146
91600 157665780
91700 158026046
91800 158389210
91900 158741709
92000 159102216
92100 159463831
92200 159825231
92300 160186715
92400 160552980
92500 160918621
92600 161279794
92700 161646068
92800 162012705
92900 162380986
93000 162750597
93100 163113669
93200 163481888
93300 163848674
93400 164215171
93500 164582592
93600 164952560
93700 165325740
93800 165696638
93900 166065650
94000 166431094
94100 166801892
94200 167171957
94300 167543731
94400 167913067
94500 168287650
94600 168660497
94700 169035031
94800 169407441
94900 169783609
95000 170158600
95100 170527260
95200 170900878
95300 171275720
95400 171646674
95500 172023073
95600 172402557
95700 172780504
95800 173156839
95900 173537611
96000 173915958
96100 174299865
96200 174679447
96300 175059897
96400 175436525
96500 175819133
96600 176199903
96700 176585392
96800 176967572
96900 177347443
97000 177728050
97100 178113252
97200 178498205
97300 178883293
97400 179271018
97500 179656477
97600 180042219
97700 180431760
97800 180817349
97900 181207272
98000 181598315
98100 181985617
98200 182375431
98300 182765338
98400 183155704
98500 183542246
98600 183929818
98700 184322645
98800 184712242
98900 185102800
99000 185496206
99100 185894035
99200 186287245
99300 186674850
99400 187068793
99500 187464259
99600 187860117
99700 188255452
99800 188651935
99900 189050936
100000 189443563

