100 958
200 2876
300 6281
400 10730
500 16540
600 23824
700 32457
800 41761
900 52523
1000 65455
1100 80092
1200 94457
1300 111223
1400 129120
1500 148646
1600 170403
1700 193655
1800 217667
1900 243300
2000 270450
2100 298556
2200 327733
2300 360408
2400 392260
2500 428529
2600 463357
2700 500744
2800 538239
2900 578095
3000 622315
3100 664094
3200 707095
3300 754757
3400 801929
3500 849243
3600 902507
3700 955323
3800 1008969
3900 1071205
4000 1129817
4100 1190886
4200 1249512
4300 1308881
4400 1371420
4500 1436031
4600 1504257
4700 1569551
4800 1639397
4900 1713180
5000 1785595
5100 1859282
5200 1932104
5300 2007220
5400 2081789
5500 2159214
5600 2236058
5700 2321531
5800 2407762
5900 2488987
6000 2571864
6100 2663034
6200 2759168
6300 2850169
6400 2945370
6500 3036165
6600 3126928
6700 3219477
6800 3321700
6900 3421261
7000 3522644
7100 3626293
7200 3735268
7300 3845060
7400 3962876
7500 4067472
7600 4174184
7700 4289665
7800 4397086
7900 4516840
8000 4631342
8100 4745025
8200 4869156
8300 4991973
8400 5111165
8500 5240875
8600 5365313
8700 5486851
8800 5618199
8900 5742437
9000 5878014
9100 6004487
9200 6135420
9300 6271073
9400 6405815
9500 6547514
9600 6690497
9700 6830295
9800 6981060
9900 7126313
10000 7277332
10100 7425340
10200 7571492
10300 7721264
10400 7867951
10500 8018430
10600 8166482
10700 8322494
10800 8482860
10900 8647181
11000 8801606
11100 8953441
11200 9126049
11300 9301029
11400 9463686
11500 9624395
11600 9790130
11700 9961183
11800 10141339
11900 10331245
12000 10509601
12100 10687359
12200 10874405
12300 11049514
12400 11233853
12500 11424998
12600 11619714
12700 11802464
12800 11987639
12900 12184626
13000 12383346
13100 12579097
13200 12781748
13300 12970881
13400 13169179
13500 13370580
13600 13577971
13700 13781800
13800 13997821
13900 14194861
14000 14404923
14100 14607580
14200 14823172
14300 15033144
14400 15235557
14500 15462809
14600 15682807
14700 15905771
14800 16128340
14900 16333287
15000 16557442
15100 16776149
15200 17002173
15300 17230347
15400 17463862
15500 17694893
15600 17938198
15700 18172203
15800 18403949
15900 18632757
16000 18865578
16100 19109937
16200 19347761
16300 19597975
16400 19845486
16500 20093714
16600 20345160
16700 20597702
16800 20859353
16900 21112667
17000 21389925
17100 21665046
17200 21924758
17300 22190146
17400 22502376
17500 22761231
17600 23020533
17700 23279729
17800 23547594
17900 23827436
18000 24091168
18100 24365741
18200 24649521
18300 24935729
18400 25214527
18500 25486895
18600 25778630
18700 26058486
18800 26330138
18900 26613948
19000 26924979
19100 27230516
19200 27518262
19300 27821693
19400 28093978
19500 28384749
19600 28694242
19700 28984964
19800 29279316
19900 29588785
20000 29911017
20100 30206864
20200 30517902
20300 30823508
20400 31143780
20500 31454525
20600 31749810
20700 32063327
20800 32355781
20900 32677888
21000 32986867
21100 33327645
21200 33665938
21300 33967661
21400 34282319
21500 34586502
21600 34913589
21700 35236312
21800 35566896
21900 35903403
22000 36221107
22100 36556401
22200 36898131
22300 37239449
22400 37584668
22500 37918021
22600 38266819
22700 38632733
22800 38973505
22900 39327192
23000 39658397
23100 40028077
23200 40395418
23300 40754946
23400 41114028
23500 41467094
23600 41836004
23700 42215332
23800 42611450
23900 42969424
24000 43336024
24100 43719328
24200 44079111
24300 44453854
24400 44876198
24500 45245768
24600 45617393
24700 45996811
24800 46379802
24900 46777186
25000 47167009
25100 47558470
25200 47955317
25300 48345542
25400 48727081
25500 49169225
25600 49557519
25700 49947855
25800 50348889
25900 50738451
26000 51131177
26100 51532859
26200 51934145
26300 52335732
26400 52795626
26500 53212514
26600 53616892
26700 54037861
26800 54452178
26900 54857702
27000 55283775
27100 55707616
27200 56122050
27300 56536896
27400 56950208
27500 57382386
27600 57858903
27700 58277527
27800 58699949
27900 59112308
28000 59543080
28100 60002812
28200 60435590
28300 60892464
28400 61331169
28500 61756820
28600 62241874
28700 62666896
28800 63113011
28900 63592984
29000 64029491
29100 64475078
29200 64923237
29300 65382424
29400 65875438
29500 66320325
29600 66784570
29700 67259082
29800 67707825
29900 68147746
30000 68626265
30100 69081186
30200 69531762
30300 70059751
30400 70523854
30500 71011456
30600 71482011
30700 71954272
30800 72406080
30900 72890180
31000 73369339
31100 73848776
31200 74321426
31300 74798172
31400 75260835
31500 75784599
31600 76300325
31700 76798070
31800 77291826
31900 77786272
32000 78281867
32100 78764802
32200 79280253
32300 79862943
32400 80360453
32500 80860989
32600 81366550
32700 81871534
32800 82378600
32900 82887550
33000 83401958
33100 83883020
33200 84418308
33300 84914034
33400 85417964
33500 85910508
33600 86460496
33700 86962768
33800 87471013
33900 88058318
34000 88596654
34100 89108686
34200 89642843
34300 90172135
34400 90699507
34500 91254900
34600 91815976
34700 92352796
34800 92901485
34900 93442668
35000 93991920
35100 94549132
35200 95088965
35300 95612377
35400 96148566
35500 96731625
35600 97307006
35700 97855083
35800 98399366
35900 99035065
36000 99604332
36100 100167519
36200 100738887
36300 101333007
36400 101891591
36500 102439532
36600 103010205
36700 103570593
36800 104146190
36900 104709771
37000 105298231
37100 105867439
37200 106444170
37300 107055585
37400 107642310
37500 108203229
37600 108820001
37700 109394054
37800 109983740
37900 110557378
38000 111164232
38100 111736621
38200 112306400
38300 112934672
38400 113547313
38500 114145756
38600 114754209
38700 115381474
38800 115975349
38900 116570145
39000 117203954
39100 117836446
39200 118434385
39300 119038764
39400 119717933
39500 120326771
39600 120964123
39700 121604928
39800 122263588
39900 122901818
40000 123495334
40100 124106601
40200 124739496
40300 125354585
40400 125938495
40500 126562582
40600 127194132
40700 127819472
40800 128442364
40900 129039261
41000 129723599
41100 130374835
41200 131031299
41300 131692229
41400 132327497
41500 132968457
41600 133637213
41700 134314398
41800 135016303
41900 135642302
42000 136291189
42100 136948376
42200 137609344
42300 138300859
42400 138933601
42500 139606477
42600 140248660
42700 140950321
42800 141669993
42900 142386350
43000 143067137
43100 143712062
43200 144375494
43300 145067615
43400 145753776
43500 146447775
43600 147104151
43700 147802016
43800 148521820
43900 149186318
44000 149914003
44100 150643013
44200 151328732
44300 152042992
44400 152728347
44500 153391421
44600 154055654
44700 154797210
44800 155512808
44900 156212892
45000 156906167
45100 157636863
45200 158340181
45300 159019747
45400 159720464
45500 160453020
45600 161198664
45700 162012437
45800 162729220
45900 163459863
46000 164208753
46100 164923270
46200 165657729
46300 166388530
46400 167093591
46500 167805298
46600 168604588
46700 169354221
46800 170103429
46900 170901378
47000 171782815
47100 172494694
47200 173241921
47300 173948079
47400 174686748
47500 175457874
47600 176214589
47700 176982563
47800 177785486
47900 178513061
48000 179284147
48100 180077494
48200 180843279
48300 181606240
48400 182367925
48500 183116420
48600 183849373
48700 184623967
48800 185362999
48900 186208005
49000 186970027
49100 187729574
49200 188481746
49300 189258042
49400 190055612
49500 190842483
49600 191629223
49700 192386660
49800 193154594
49900 193911287
50000 194712011
50100 195441878
50200 196252196
50300 197081916
50400 197895109
50500 198665809
50600 199416901
50700 200262859
50800 201060440
50900 201936093
51000 202701167
51100 203488629
51200 204332528
51300 205167448
51400 205959702
51500 206774610
51600 207595744
51700 208405557
51800 209385006
51900 210243755
52000 211089697
52100 211926806
52200 212733090
52300 213562791
52400 214333781
52500 215159317
52600 216057941
52700 216929413
52800 217719698
52900 218518772
53000 219438412
53100 220372381
53200 221189890
53300 222099486
53400 222885122
53500 223785937
53600 224658415
53700 225517355
53800 226352682
53900 227218969
54000 228073521
54100 228925545
54200 229794302
54300 230639252
54400 231512243
54500 232385325
54600 233222335
54700 234089939
54800 234947286
54900 235767152
55000 236652432
55100 237543371
55200 238416907
55300 239393466
55400 240371258
55500 241241705
55600 242093469
55700 242965529
55800 243872125
55900 244882043
56000 245778814
56100 246668874
56200 247536226
56300 248438885
56400 249348462
56500 250208112
56600 251122279
56700 252004995
56800 252886755
56900 253858822
57000 254744782
57100 255720768
57200 256595828
57300 257504641
57400 258390040
57500 259362364
57600 260299707
57700 261259198
57800 262240349
57900 263152408
58000 264088966
58100 265049803
58200 265987593
58300 267007833
58400 267909864
58500 268908980
58600 269806014
58700 270753723
58800 271663010
58900 272567289
59000 273472366
59100 274389079
59200 275344460
59300 276275902
59400 277266965
59500 278218841
59600 279168560
59700 280071605
59800 281027952
59900 281916908
60000 282821606
60100 283783354
60200 284685007
60300 285628646
60400 286560363
60500 287570006
60600 288582788
60700 289539362
60800 290474085
60900 291395891
61000 292382810
61100 293334749
61200 294284029
61300 295257023
61400 296240706
61500 297209651
61600 298157180
61700 299175408
61800 300209552
61900 301349637
62000 302370605
62100 303345430
62200 304321193
62300 305365092
62400 306329713
62500 307360211
62600 308355434
62700 309332837
62800 310418194
62900 311471168
63000 312467707
63100 313433193
63200 314450263
63300 315451369
63400 316459352
63500 317457056
63600 318443966
63700 319511929
63800 320533599
63900 321536385
64000 322580145
64100 323576240
64200 324634815
64300 325639334
64400 326688249
64500 327811805
64600 328824116
64700 329872447
64800 330850800
64900 331925003
65000 332931715
65100 334026414
65200 335037899
65300 336084192
65400 337221613
65500 338253995
65600 339392832
65700 340404422
65800 341394506
65900 342478946
66000 343497046
66100 344553913
66200 345670218
66300 346704333
66400 347800003
66500 348859305
66600 349933712
66700 351137469
66800 352198331
66900 353284409
67000 354321938
67100 355556171
67200 356638282
67300 357766196
67400 358942060
67500 360019376
67600 361124932
67700 362217720
67800 363281827
67900 364392351
68000 365482779
68100 366535696
68200 367636422
68300 368712038
68400 369775946
68500 370904258
68600 372020267
68700 373203161
68800 374303293
68900 375407659
69000 376495413
69100 377648004
69200 378735518
69300 379856538
69400 380960185
69500 382088177
69600 383151448
69700 384265237
69800 385362474
69900 386463860
70000 387560831
70100 388645421
70200 389752435
70300 390885712
70400 392016353
70500 393087470
70600 394257038
70700 395469226
70800 396630230
70900 397706434
71000 398810088
71100 400103836
71200 401242957
71300 402362586
71400 403482368
71500 404556448
71600 405716326
71700 406854028
71800 408025023
71900 409209550
72000 410344697
72100 411499368
72200 412682297
72300 413807835
72400 414979583
72500 416151810
72600 417491989
72700 418778790
72800 420013816
72900 421154282
73000 422433136
73100 423619324
73200 424767230
73300 425985149
73400 427206295
73500 428347422
73600 429502034
73700 430648677
73800 431841866
73900 433012099
74000 434226575
74100 435444212
74200 436661854
74300 437842301
74400 439019380
74500 440271229
74600 441481766
74700 442696795
74800 443920492
74900 445032682
75000 446230432
75100 447568691
75200 448806322
75300 450004899
75400 451169860
75500 452356348
75600 453509140
75700 454685843
75800 455993791
75900 457226263
76000 458537421
76100 459738638
76200 461020218
76300 462239758
76400 463525664
76500 464729461
76600 465954001
76700 467161524
76800 468344170
76900 469554153
77000 470792629
77100 472004926
77200 473234786
77300 474519611
77400 475754696
77500 477028872
77600 478276434
77700 479599879
77800 480850481
77900 482124421
78000 483432512
78100 484677926
78200 486027870
78300 487375655
78400 488645270
78500 489964984
78600 491324698
78700 492640579
78800 493858886
78900 495085190
79000 496384261
79100 497739431
79200 498974765
79300 500311215
79400 501584080
79500 502839857
79600 504075655
79700 505322885
79800 506584890
79900 507870615
80000 509150115
80100 510519724
80200 511735010
80300 512960280
80400 514321303
80500 515546046
80600 516823726
80700 518125723
80800 519384912
80900 520713094
81000 522016881
81100 523328459
81200 524620053
81300 525975128
81400 527264971
81500 528499960
81600 529850234
81700 531209716
81800 532497662
81900 533760029
82000 535077296
82100 536358806
82200 537730608
82300 538990528
82400 540212049
82500 541606811
82600 543004754
82700 544344346
82800 545707559
82900 547065191
83000 548417426
83100 549721094
83200 551023093
83300 552362025
83400 553788585
83500 555094857
83600 556413776
83700 557745424
83800 559106528
83900 560474718
84000 561813379
84100 563158511
84200 564444121
84300 565857414
84400 567137713
84500 568484546
84600 569861574
84700 571325051
84800 572603575
84900 573983162
85000 575311395
85100 576662099
85200 577998329
85300 579400344
85400 580684301
85500 582056356
85600 583368671
85700 584782188
85800 586296616
85900 587674141
86000 589091175
86100 590525420
86200 591924890
86300 593302361
86400 594747475
86500 596163126
86600 597546916
86700 598922326
86800 600404762
86900 601764978
87000 603129340
87100 604492660
87200 605847653
87300 607247800
87400 608780891
87500 610231265
87600 611593709
87700 613027156
87800 614585333
87900 615998230
88000 617460300
88100 618901642
88200 620309631
88300 621669625
88400 623095516
88500 624569500
88600 626010319
88700 627527706
88800 628892702
88900 630236838
89000 631652546
89100 633129228
89200 634513501
89300 636013391
89400 637402479
89500 638889021
89600 640276074
89700 641799184
89800 643294943
89900 644741735
90000 646242715
90100 647762027
90200 649225227
90300 650649427
90400 652166179
90500 653628934
90600 655070319
90700 656526975
90800 658139277
90900 659570183
91000 660967626
91100 662408008
91200 663890791
91300 665413095
91400 666963270
91500 668446258
91600 669967421
91700 671502605
91800 672938248
91900 674399166
92000 675888750
92100 677363667
92200 679025219
92300 680495715
92400 681985610
92500 683639966
92600 685260108
92700 686814170
92800 688550855
92900 690055660
93000 691555497
93100 693163007
93200 694721658
93300 696314950
93400 697768773
93500 699209932
93600 700857224
93700 702436204
93800 703957977
93900 705440328
94000 707012003
94100 708532661
94200 710079409
94300 711676048
94400 713323224
94500 714943122
94600 716525662
94700 718206038
94800 719683318
94900 721262864
95000 722739245
95100 724258628
95200 725849169
95300 727435290
95400 728966619
95500 730555084
95600 732218512
95700 733703294
95800 735325716
95900 736849103
96000 738417834
96100 739922196
96200 741494876
96300 743037271
96400 744596311
96500 746153450
96600 747869297
96700 749452932
96800 750987607
96900 752606502
97000 754152530
97100 755792775
97200 757377342
97300 759045616
97400 760664130
97500 762335559
97600 763986887
97700 765491169
97800 767018002
97900 768720116
98000 770290806
98100 771970013
98200 773445940
98300 775149174
98400 776797158
98500 778405110
98600 779969130
98700 781513313
98800 783240473
98900 784820554
99000 786423315
99100 788045793
99200 789566739
99300 791211628
99400 792742653
99500 794371411
99600 795951538
99700 797528775
99800 799078174
99900 800747117
100000 802409777

