100 507
200 1708
300 3653
400 6465
500 10085
600 14579
700 20053
800 26426
900 33804
1000 42075
1100 51341
1200 61580
1300 72837
1400 85212
1500 98577
1600 112958
1700 128419
1800 144963
1900 162549
2000 181158
2100 200843
2200 221605
2300 243433
2400 266291
2500 290340
2600 315470
2700 341793
2800 369188
2900 397772
3000 427426
3100 458275
3200 490201
3300 523314
3400 557615
3500 593053
3600 629700
3700 667465
3800 706352
3900 746352
4000 787527
4100 829754
4200 873251
4300 917898
4400 963767
4500 1010809
4600 1059037
4700 1108497
4800 1158980
4900 1210699
5000 1263778
5100 1317959
5200 1373428
5300 1430244
5400 1488296
5500 1547408
5600 1607888
5700 1669596
5800 1732495
5900 1796663
6000 1862037
6100 1928799
6200 1996713
6300 2065966
6400 2136305
6500 2207894
6600 2280749
6700 2354814
6800 2430132
6900 2506835
7000 2584762
7100 2663779
7200 2744229
7300 2825813
7400 2908682
7500 2992737
7600 3077990
7700 3164575
7800 3252407
7900 3341367
8000 3431742
8100 3523363
8200 3616167
8300 3710267
8400 3805679
8500 3902429
8600 4000445
8700 4099801
8800 4200358
8900 4302263
9000 4405457
9100 4510087
9200 4615824
9300 4722895
9400 4831302
9500 4941016
9600 5051894
9700 5164315
9800 5277799
9900 5392623
10000 5508701
10100 5626177
10200 5744983
10300 5865216
10400 5986569
10500 6109379
10600 6233582
10700 6359054
10800 6485714
10900 6613833
11000 6743119
11100 6873818
11200 7006124
11300 7139590
11400 7274299
11500 7410415
11600 7548004
11700 7686839
11800 7827267
11900 7968731
12000 8111677
12100 8256096
12200 8401884
12300 8549153
12400 8697435
12500 8847082
12600 8997998
12700 9150288
12800 9304122
12900 9459110
13000 9615404
13100 9773151
13200 9932104
13300 10092372
13400 10253923
13500 10417081
13600 10581549
13700 10747202
13800 10914139
13900 11082481
14000 11252146
14100 11423252
14200 11595717
14300 11769536
14400 11944614
14500 12121038
14600 12298742
14700 12477968
14800 12658262
14900 12840119
15000 13022919
15100 13207589
15200 13393305
15300 13580435
15400 13768980
15500 13958711
15600 14149774
15700 14342253
15800 14536053
15900 14731371
16000 14928096
16100 15125982
16200 15325103
16300 15525881
16400 15727881
16500 15931203
16600 16136032
16700 16342280
16800 16549729
16900 16758788
17000 16969090
17100 17180851
17200 17393850
17300 17608304
17400 17824131
17500 18041629
17600 18260279
17700 18480298
17800 18701924
17900 18924704
18000 19148936
18100 19374775
18200 19601909
18300 19830473
18400 20060625
18500 20291791
18600 20524522
18700 20758575
18800 20994118
18900 21231034
19000 21469415
19100 21709051
19200 21950164
19300 22192588
19400 22436479
19500 22681624
19600 22928190
19700 23176262
19800 23425903
19900 23676861
20000 23929061
20100 24182737
20200 24437811
20300 24694496
20400 24952265
20500 25211466
20600 25472203
20700 25734315
20800 25997735
20900 26262966
21000 26529480
21100 26797408
21200 27066718
21300 27337225
21400 27609398
21500 27883014
21600 28157897
21700 28434694
21800 28712501
21900 28991903
22000 29272380
22100 29554471
22200 29838160
22300 30123388
22400 30409779
22500 30697730
22600 30987085
22700 31278088
22800 31570495
22900 31864275
23000 32159354
23100 32456161
23200 32754495
23300 33054157
23400 33355271
23500 33657797
23600 33961913
23700 34267496
23800 34574565
23900 34882966
24000 35192939
24100 35504378
24200 35817643
24300 36131613
24400 36447485
24500 36764813
24600 37083261
24700 37403526
24800 37724882
24900 38047885
25000 38371979
25100 38697964
25200 39025400
25300 39354077
25400 39684198
25500 40015727
25600 40348751
25700 40683327
25800 41019100
25900 41356292
26000 41695198
26100 42035576
26200 42377061
26300 42719567
26400 43064033
26500 43409573
26600 43756570
26700 44105307
26800 44455257
26900 44806771
27000 45159688
27100 45514077
27200 45869836
27300 46227033
27400 46585534
27500 46945539
27600 47307220
27700 47670175
27800 48034617
27900 48400533
28000 48767825
28100 49136297
28200 49506639
28300 49878425
28400 50251477
28500 50626065
28600 51002018
28700 51379477
28800 51758569
28900 52138975
29000 52520912
29100 52904383
29200 53289251
29300 53675407
29400 54063137
29500 54451937
29600 54842252
29700 55234086
29800 55627544
29900 56022213
30000 56418439
30100 56816014
30200 57215013
30300 57615567
30400 58017455
30500 58420994
30600 58825892
30700 59232375
30800 59640164
30900 60049316
31000 60460110
31100 60872151
31200 61285752
31300 61700898
31400 62117624
31500 62535342
31600 62954787
31700 63375749
31800 63798278
31900 64221956
32000 64647107
32100 65073576
32200 65501457
32300 65930833
32400 66361693
32500 66794068
32600 67227920
32700 67663526
32800 68100488
32900 68538560
33000 68978422
33100 69419622
33200 69862312
33300 70306765
33400 70752654
33500 71200068
33600 71648856
33700 72099245
33800 72551139
33900 73004228
34000 73458913
34100 73915347
34200 74373124
34300 74832625
34400 75293274
34500 75755647
34600 76219699
34700 76684978
34800 77151695
34900 77619946
35000 78089512
35100 78561081
35200 79033705
35300 79507612
35400 79983143
35500 80460251
35600 80938670
35700 81418627
35800 81899985
35900 82382735
36000 82867278
36100 83353246
36200 83840976
36300 84329928
36400 84820305
36500 85311992
36600 85805300
36700 86300342
36800 86797265
36900 87295217
37000 87795003
37100 88296053
37200 88798615
37300 89302539
37400 89807686
37500 90314193
37600 90822906
37700 91332875
37800 91844450
37900 92357483
38000 92872004
38100 93387744
38200 93905401
38300 94424643
38400 94945032
38500 95466997
38600 95990494
38700 96515144
38800 97041538
38900 97569515
39000 98098926
39100 98630086
39200 99162542
39300 99696446
39400 100231640
39500 100768352
39600 101306810
39700 101846682
39800 102387850
39900 102931095
40000 103475612
40100 104021555
40200 104569087
40300 105117833
40400 105667761
40500 106219368
40600 106773097
40700 107328018
40800 107884389
40900 108442274
41000 109001716
41100 109562759
41200 110125098
41300 110689408
41400 111254925
41500 111822080
41600 112390748
41700 112961131
41800 113533116
41900 114106683
42000 114681730
42100 115258223
42200 115836303
42300 116415911
42400 116997080
42500 117579532
42600 118163387
42700 118748949
42800 119335897
42900 119924692
43000 120514672
43100 121106705
43200 121699825
43300 122294895
43400 122891087
43500 123489248
43600 124089052
43700 124690659
43800 125293173
43900 125897338
44000 126502714
44100 127110398
44200 127719162
44300 128329458
44400 128941411
44500 129554908
44600 130170373
44700 130787290
44800 131405266
44900 132024935
45000 132646166
45100 133268642
45200 133892945
45300 134518883
45400 135146304
45500 135775227
45600 136405418
45700 137037430
45800 137671316
45900 138306276
46000 138943087
46100 139581193
46200 140221264
46300 140862235
46400 141504904
46500 142149068
46600 142794941
46700 143442573
46800 144091810
46900 144742468
47000 145394200
47100 146048088
47200 146703131
47300 147360076
47400 148018531
47500 148678436
47600 149339636
47700 150002618
47800 150667079
47900 151332812
48000 152000121
48100 152669262
48200 153339671
48300 154011580
48400 154685436
48500 155360440
48600 156037424
48700 156715669
48800 157395520
48900 158077149
49000 158759970
49100 159444197
49200 160130357
49300 160818405
49400 161507685
49500 162198799
49600 162891099
49700 163584751
49800 164280149
49900 164977004
50000 165675819
50100 166375999
50200 167077625
50300 167780785
50400 168485597
50500 169192329
50600 169900387
50700 170609817
50800 171320656
50900 172033209
51000 172747289
51100 173462879
51200 174179572
51300 174898108
51400 175618322
51500 176339820
51600 177062602
51700 177786685
51800 178512551
51900 179240031
52000 179969062
52100 180699763
52200 181431509
52300 182164880
52400 182900168
52500 183637247
52600 184375926
52700 185115908
52800 185857465
52900 186600643
53000 187345068
53100 188091059
53200 188838706
53300 189587950
53400 190338730
53500 191090586
53600 191844545
53700 192599628
53800 193356581
53900 194114594
54000 194874531
54100 195635709
54200 196398674
54300 197163058
54400 197929361
54500 198697045
54600 199465811
54700 200236627
54800 201008889
54900 201782711
55000 202558026
55100 203334893
55200 204113401
55300 204893197
55400 205674829
55500 206458133
55600 207242739
55700 208028750
55800 208816470
55900 209605380
56000 210396170
56100 211188431
56200 211982300
56300 212777714
56400 213574640
56500 214373139
56600 215173477
56700 215975094
56800 216778146
56900 217582608
57000 218388650
57100 219196308
57200 220005666
57300 220816348
57400 221629001
57500 222442837
57600 223258876
57700 224075972
57800 224894426
57900 225714493
58000 226535785
58100 227359046
58200 228183995
58300 229010365
58400 229838410
58500 230667813
58600 231498464
58700 232331047
58800 233165039
58900 234000593
59000 234837818
59100 235676268
59200 236516627
59300 237358525
59400 238202058
59500 239046945
59600 239893266
59700 240740939
59800 241590410
59900 242441401
60000 243293999
60100 244148365
60200 245003793
60300 245860982
60400 246719598
60500 247579977
60600 248442110
60700 249305486
60800 250170311
60900 251036652
61000 251904863
61100 252774642
61200 253645710
61300 254518425
61400 255392614
61500 256268172
61600 257145240
61700 258024051
61800 258904577
61900 259786565
62000 260669932
62100 261555109
62200 262441599
62300 263329740
62400 264219538
62500 265110629
62600 266003147
62700 266896916
62800 267792698
62900 268689974
63000 269588462
63100 270488900
63200 271390910
63300 272294819
63400 273199958
63500 274106391
63600 275014626
63700 275924360
63800 276835930
63900 277748934
64000 278663533
64100 279579395
64200 280496915
64300 281415894
64400 282336226
64500 283257766
64600 284181210
64700 285106176
64800 286033026
64900 286961793
65000 287891951
65100 288823989
65200 289757169
65300 290692388
65400 291628647
65500 292566552
65600 293505927
65700 294446274
65800 295388857
65900 296332852
66000 297278367
66100 298225201
66200 299174011
66300 300124322
66400 301076022
66500 302029651
66600 302984668
66700 303941452
66800 304899390
66900 305859084
67000 306820399
67100 307783439
67200 308748488
67300 309714532
67400 310682651
67500 311652572
67600 312623573
67700 313596301
67800 314570313
67900 315546231
68000 316523542
68100 317502573
68200 318483171
68300 319465220
68400 320448890
68500 321434046
68600 322421050
68700 323409517
68800 324399353
68900 325391366
69000 326384770
69100 327379700
69200 328376632
69300 329375012
69400 330374682
69500 331375678
69600 332378322
69700 333382192
69800 334387822
69900 335395372
70000 336404893
70100 337416020
70200 338429120
70300 339443099
70400 340458872
70500 341475857
70600 342494606
70700 343514585
70800 344536573
70900 345559936
71000 346585031
71100 347611763
71200 348640555
71300 349670649
71400 350702475
71500 351735291
71600 352770433
71700 353806653
71800 354844188
71900 355883178
72000 356923876
72100 357966488
72200 359010725
72300 360056473
72400 361103760
72500 362153066
72600 363203675
72700 364255722
72800 365309460
72900 366364903
73000 367421689
73100 368480734
73200 369540592
73300 370602620
73400 371665835
73500 372730796
73600 373797090
73700 374864492
73800 375933964
73900 377005041
74000 378077494
74100 379151881
74200 380228054
74300 381305514
74400 382384525
74500 383465723
74600 384548180
74700 385632223
74800 386718355
74900 387805769
75000 388894666
75100 389985337
75200 391077741
75300 392172153
75400 393267551
75500 394365052
75600 395464174
75700 396564640
75800 397666789
75900 398770183
76000 399875135
76100 400982075
76200 402090112
76300 403199832
76400 404311275
76500 405424492
76600 406539016
76700 407654764
76800 408772207
76900 409891293
77000 411011867
77100 412133779
77200 413257669
77300 414383223
77400 415510268
77500 416639316
77600 417769444
77700 418901573
77800 420035847
77900 421171715
78000 422308478
78100 423446827
78200 424586658
78300 425728215
78400 426871271
78500 428016102
78600 429162099
78700 430310124
78800 431459790
78900 432611086
79000 433764103
79100 434918657
79200 436074639
79300 437232205
79400 438391410
79500 439552391
79600 440714868
79700 441879054
79800 443045062
79900 444212458
80000 445381410
80100 446551564
80200 447723997
80300 448897512
80400 450073031
80500 451249951
80600 452428169
80700 453608065
80800 454789855
80900 455973124
81000 457158468
81100 458345034
81200 459533229
81300 460722909
81400 461914304
81500 463106755
81600 464300827
81700 465497028
81800 466694518
81900 467893483
82000 469094147
82100 470297073
82200 471500952
82300 472706473
82400 473913164
82500 475122403
82600 476332674
82700 477544852
82800 478758703
82900 479974266
83000 481191531
83100 482410782
83200 483631213
83300 484853624
83400 486077642
83500 487303274
83600 488530344
83700 489759665
83800 490990037
83900 492222389
84000 493455888
84100 494690981
84200 495927670
84300 497166068
84400 498406354
84500 499648152
84600 500892048
84700 502137790
84800 503384503
84900 504632604
85000 505882532
85100 507134461
85200 508387541
85300 509642700
85400 510899534
85500 512157811
85600 513417945
85700 514679463
85800 515942604
85900 517207799
86000 518474223
86100 519742525
86200 521012378
86300 522283996
86400 523557317
86500 524832064
86600 526108493
86700 527386400
86800 528665864
86900 529947219
87000 531229488
87100 532514123
87200 533800457
87300 535088005
87400 536377918
87500 537669003
87600 538961188
87700 540256026
87800 541551844
87900 542849758
88000 544149450
88100 545450664
88200 546753563
88300 548058245
88400 549364356
88500 550671892
88600 551981182
88700 553291949
88800 554604390
88900 555918429
89000 557233706
89100 558551428
89200 559870158
89300 561191031
89400 562513862
89500 563837626
89600 565163415
89700 566490936
89800 567819582
89900 569149898
90000 570481936
90100 571816217
90200 573151972
90300 574489877
90400 575829310
90500 577170154
90600 578512149
90700 579855743
90800 581200867
90900 582547368
91000 583896283
91100 585246154
91200 586598312
91300 587952279
91400 589308114
91500 590665780
91600 592024485
91700 593384945
91800 594747025
91900 596110645
92000 597475691
92100 598842317
92200 600211153
92300 601581851
92400 602954439
92500 604328786
92600 605704642
92700 607081293
92800 608459187
92900 609839043
93000 611221704
93100 612604834
93200 613989783
93300 615376563
93400 616764629
93500 618154626
93600 619546392
93700 620939581
93800 622334443
93900 623730741
94000 625128417
94100 626528050
94200 627929479
94300 629332602
94400 630736399
94500 632142811
94600 633551001
94700 634960832
94800 636371900
94900 637784915
95000 639200086
95100 640616579
95200 642035219
95300 643454890
95400 644876303
95500 646299667
95600 647724247
95700 649149829
95800 650577444
95900 652006524
96000 653436953
96100 654869296
96200 656303397
96300 657739354
96400 659176929
96500 660616926
96600 662058127
96700 663501155
96800 664945610
96900 666392077
97000 667839913
97100 669289461
97200 670740304
97300 672192756
97400 673647441
97500 675103093
97600 676560405
97700 678019710
97800 679480357
97900 680943039
98000 682407477
98100 683873780
98200 685341452
98300 686810858
98400 688281557
98500 689753954
98600 691227656
98700 692703183
98800 694180604
98900 695659534
99000 697139864
99100 698622516
99200 700106513
99300 701591809
99400 703078623
99500 704566557
99600 706056845
99700 707548620
99800 709042437
99900 710538083
100000 712035483
