10 2.8039
20 3.44395
30 3.7965
40 4.46445
50 4.6471
60 5.1339
70 5.11365
80 5.9159
90 7.05575
100 5.9699
110 5.68005
120 7.19215
130 8.3027
140 6.7103
150 7.1464
160 7.23785
170 7.11785
180 8.177
190 7.94055
200 7.18135
210 7.1875
220 8.9734
230 7.68015
240 7.27295
250 8.2749
260 8.17185
270 8.52685
280 8.40855
290 8.7133
300 8.88295
310 8.46495
320 8.05195
330 8.3387
340 8.85585
350 8.56715
360 8.9557
370 8.6215
380 9.10905
390 8.6997
400 9.17285
410 9.447
420 10.5494
430 10.324
440 9.94365
450 9.227
460 8.83945
470 8.9373
480 8.9892
490 9.6819
500 9.25195
510 8.89625
520 9.93695
530 10.1821
540 9.0687
550 10.6271
560 9.71675
570 9.67745
580 9.6254
590 11.1234
600 9.8197
610 9.7512
620 11.463
630 9.62935
640 9.4717
650 9.66465
660 11.2939
670 10.7973
680 10.4068
690 9.5556
700 11.0429
710 10.1299
720 9.4041
730 9.80445
740 10.5198
750 10.7911
760 10.2666
770 10.1845
780 10.4269
790 10.5204
800 10.6363
810 9.9
820 9.94725
830 10.8901
840 11.1539
850 10.1962
860 9.99295
870 10.6303
880 10.5678
890 10.6593
900 11.8983
910 10.8448
920 11.1299
930 10.7501
940 12.6799
950 11.1099
960 10.2973
970 10.2637
980 10.9454
990 10.7916
1000 10.5982
1010 10.2057
1020 10.622
1030 11.1501
1040 10.8576
1050 10.7729
1060 11.7445
1070 10.9686
1080 11.2273
1090 10.6664
1100 11.4328
1110 11.3342
1120 10.8966
1130 11.1692
1140 11.122
1150 11.958
1160 10.4756
1170 11.4956
1180 11.5504
1190 12.62
1200 11.1565
1210 11.2014
1220 11.3102
1230 10.2957
1240 11.7134
1250 11.4041
1260 11.6013
1270 11.028
1280 11.8481
1290 11.1561
1300 12.8996
1310 11.3748
1320 12.6882
1330 12.6675
1340 11.8325
1350 10.9368
1360 11.4672
1370 11.3105
1380 11.8738
1390 11.7862
1400 11.2737
1410 11.2613
1420 10.9923
1430 11.7858
1440 10.9751
1450 12.3465
1460 11.1026
1470 11.7591
1480 11.5655
1490 12.4134
1500 12.186
1510 12.1886
1520 12.208
1530 11.9648
1540 11.1039
1550 11.9955
1560 11.1728
1570 11.728
1580 10.7853
1590 11.8828
1600 11.4427
1610 13.027
1620 11.4422
1630 12.1966
1640 12.6654
1650 12.5935
1660 11.4305
1670 11.8747
1680 11.5483
1690 11.5
1700 11.7469
1710 11.8884
1720 11.7317
1730 12.2664
1740 11.7209
1750 11.3372
1760 11.3169
1770 11.518
1780 12.397
1790 11.1586
1800 11.4006
1810 12.3808
1820 13.8065
1830 12.1041
1840 11.5403
1850 12.1454
1860 11.2634
1870 12.7424
1880 12.9276
1890 12.5188
1900 11.9634
1910 11.9128
1920 11.4679
1930 13.3749
1940 12.1852
1950 11.812
1960 11.9982
1970 12.6191
1980 12.2845
1990 11.5812
2000 12.9588
2010 11.3742
2020 12.0674
2030 12.4881
2040 12.7541
2050 13.062
2060 11.7266
2070 11.6776
2080 11.8945
2090 11.809
2100 11.865
2110 12.2218
2120 12.9993
2130 12.6613
2140 12.5591
2150 13.0157
2160 11.8148
2170 12.07
2180 12.2284
2190 14.8569
2200 11.6277
2210 13.3121
2220 12.9213
2230 11.9341
2240 11.95
2250 12.6693
2260 12.2232
2270 12.1559
2280 12.2126
2290 13.6245
2300 12.8503
2310 12.105
2320 13.1252
2330 12.7325
2340 13.1198
2350 12.4845
2360 12.7918
2370 12.3201
2380 12.512
2390 12.1032
2400 12.9494
2410 11.8514
2420 12.5431
2430 13.0513
2440 12.406
2450 12.3902
2460 12.6143
2470 13.8253
2480 12.5524
2490 12.9185
2500 12.8748
2510 12.9132
2520 14.0627
2530 13.224
2540 13.1769
2550 11.8904
2560 13.1247
2570 11.7727
2580 13.0477
2590 13.5047
2600 14.3047
2610 12.3698
2620 13.6829
2630 12.5661
2640 12.7308
2650 13.5866
2660 13.6568
2670 12.9937
2680 13.618
2690 13.7246
2700 12.5109
2710 12.7666
2720 12.5463
2730 13.305
2740 12.9492
2750 13.1695
2760 12.7858
2770 12.3846
2780 13.3372
2790 12.2816
2800 12.9169
2810 13.6555
2820 12.907
2830 12.9689
2840 13.1594
2850 12.214
2860 12.9098
2870 13.0887
2880 12.7093
2890 12.5128
2900 13.3632
2910 12.356
2920 12.103
2930 12.9278
2940 12.661
2950 12.6195
2960 13.0603
2970 15.4306
2980 13.2095
2990 14.8786
3000 14.1409
3010 12.2154
3020 12.9605
3030 13.1647
3040 13.2337
3050 14.0976
3060 13.3348
3070 15.0145
3080 13.986
3090 13.3791
3100 12.7324
3110 13.418
3120 12.5703
3130 12.9574
3140 12.8614
3150 13.5415
3160 12.721
3170 12.911
3180 13.1588
3190 12.8242
3200 12.6903
3210 13.7216
3220 12.625
3230 13.0099
3240 13.8873
3250 12.6203
3260 13.385
3270 13.6249
3280 13.221
3290 13.7715
3300 13.4959
3310 13.3082
3320 12.887
3330 13.7357
3340 13.4476
3350 13.418
3360 12.6806
3370 13.1187
3380 12.7693
3390 12.829
3400 13.2255
3410 13.2709
3420 12.3841
3430 14.5534
3440 12.3498
3450 13.5983
3460 13.571
3470 13.5589
3480 14.2024
3490 13.423
3500 13.3613
3510 13.9175
3520 13.8389
3530 12.8937
3540 13.6587
3550 13.6238
3560 13.4646
3570 12.8728
3580 14.2628
3590 12.8971
3600 13.4795
3610 13.1849
3620 13.3277
3630 13.6092
3640 13.5554
3650 13.6335
3660 13.0969
3670 12.8536
3680 13.256
3690 13.3218
3700 13.5607
3710 13.1609
3720 13.5807
3730 14.3733
3740 12.8451
3750 13.6069
3760 13.2081
3770 14.7898
3780 14.113
3790 14.9256
3800 13.4753
3810 12.9586
3820 13.4995
3830 14.2256
3840 13.9605
3850 13.2821
3860 14.5541
3870 13.427
3880 13.1784
3890 13.253
3900 13.3113
3910 13.4015
3920 13.4731
3930 13.7374
3940 14.2025
3950 14.8056
3960 13.7636
3970 13.862
3980 13.4882
3990 15.0973
4000 14.3289
4010 13.4085
4020 13.5509
4030 14.2931
4040 13.6303
4050 13.707
4060 12.9301
4070 13.2268
4080 14.2671
4090 14.6184
4100 13.5172
4110 13.3793
4120 14.4513
4130 13.2125
4140 12.8745
4150 13.4278
4160 14.0242
4170 15.6181
4180 13.5451
4190 13.5533
4200 14.1821
4210 13.5187
4220 13.275
4230 13.3736
4240 13.7302
4250 15.4323
4260 13.4739
4270 15.9879
4280 13.0384
4290 13.7584
4300 13.5744
4310 13.9495
4320 13.1184
4330 13.8037
4340 14.0023
4350 13.0101
4360 13.3431
4370 14.182
4380 13.4205
4390 13.8315
4400 13.3405
4410 14.3414
4420 13.7265
4430 13.2536
4440 14.5568
4450 14.2994
4460 13.31
4470 13.0771
4480 13.5838
4490 13.9068
4500 13.6566
4510 14.4706
4520 13.8459
4530 13.5308
4540 14.1021
4550 13.4428
4560 13.9428
4570 14.7788
4580 13.55
4590 13.9825
4600 14.2567
4610 14.1531
4620 14.1707
4630 13.8718
4640 14.1439
4650 14.4939
4660 14.6323
4670 13.8668
4680 14.6839
4690 13.865
4700 13.5573
4710 13.5159
4720 13.5735
4730 13.4901
4740 13.6382
4750 14.1304
4760 16.6554
4770 14.4657
4780 15.4095
4790 14.5165
4800 14.7973
4810 14.0438
4820 13.7772
4830 15.4444
4840 14.9443
4850 12.983
4860 14.4585
4870 14.9832
4880 15.3948
4890 14.1044
4900 14.1112
4910 14.6126
4920 14.4417
4930 15.1858
4940 14.7774
4950 15.1148
4960 13.4942
4970 15.0721
4980 13.9197
4990 13.5399
5000 14.1599
5010 14.1402
5020 15.6875
5030 14.0706
5040 13.9033
5050 14.3133
5060 13.5429
5070 16.1361
5080 14.4931
5090 14.0707
5100 14.9435
5110 13.9072
5120 13.8807
5130 13.1684
5140 14.797
5150 16.7111
5160 13.8615
5170 14.9723
5180 13.9462
5190 14.1781
5200 14.4511
5210 15.6502
5220 13.4332
5230 14.4025
5240 13.7548
5250 14.7781
5260 14.4065
5270 14.0281
5280 14.5756
5290 13.8828
5300 14.0191
5310 14.4734
5320 15.5915
5330 14.903
5340 14.7732
5350 14.0599
5360 14.1616
5370 14.2133
5380 14.2924
5390 14.2896
5400 14.5647
5410 13.6286
5420 14.1163
5430 15.2429
5440 15.0887
5450 14.1548
5460 14.1387
5470 13.7848
5480 14.9521
5490 14.4684
5500 13.8202
5510 14.4998
5520 15.0233
5530 14.3322
5540 15.4261
5550 14.6968
5560 15.1596
5570 13.4746
5580 15.5471
5590 14.1974
5600 13.8597
5610 14.186
5620 13.9944
5630 13.775
5640 13.7809
5650 13.8365
5660 15.2539
5670 14.5221
5680 13.3969
5690 13.631
5700 15.2921
5710 17.0858
5720 14.5922
5730 14.0045
5740 15.3126
5750 13.493
5760 14.1399
5770 14.5267
5780 14.9419
5790 14.437
5800 14.6882
5810 15.6611
5820 13.5604
5830 13.9036
5840 15.4252
5850 13.9032
5860 14.2554
5870 13.782
5880 15.0203
5890 13.5572
5900 14.2563
5910 15.9496
5920 15.0633
5930 14.1211
5940 14.5696
5950 14.2012
5960 15.3748
5970 14.4247
5980 14.7593
5990 14.4781
6000 14.6463
6010 14.8483
6020 13.8361
6030 13.3412
6040 14.8836
6050 15.8964
6060 14.4878
6070 14.3304
6080 14.3971
6090 14.5676
6100 14.7292
6110 14.1847
6120 13.4268
6130 14.9677
6140 14.112
6150 15.6816
6160 13.8018
6170 14.7954
6180 15.6273
6190 15.2483
6200 14.7261
6210 14.3547
6220 14.0164
6230 14.2769
6240 14.6719
6250 13.9087
6260 15.2462
6270 13.6613
6280 14.2898
6290 16.3325
6300 17.0709
6310 14.7836
6320 13.9384
6330 14.6219
6340 14.3391
6350 13.765
6360 14.3459
6370 14.7736
6380 14.0819
6390 15.2184
6400 14.5487
6410 14.7636
6420 15.3459
6430 14.4888
6440 15.1649
6450 14.6481
6460 14.5325
6470 15.9168
6480 15.1494
6490 14.8375
6500 14.1078
6510 13.8453
6520 14.3491
6530 14.7184
6540 16.398
6550 14.8445
6560 15.2697
6570 15.4937
6580 16.4945
6590 14.1534
6600 14.11
6610 14.8624
6620 13.9535
6630 14.3287
6640 14.4242
6650 16.145
6660 13.7977
6670 15.2493
6680 15.1091
6690 14.2779
6700 15.2794
6710 14.4771
6720 14.1408
6730 15.1129
6740 15.5922
6750 15.151
6760 13.8459
6770 15.3277
6780 15.3041
6790 15.4261
6800 15.1776
6810 15.5093
6820 14.4809
6830 15.3569
6840 15.4442
6850 16.1093
6860 14.5915
6870 14.6654
6880 14.8901
6890 15.657
6900 14.7729
6910 14.5393
6920 14.1006
6930 14.0615
6940 16.0887
6950 15.5297
6960 13.9567
6970 16.5004
6980 14.4144
6990 15.2891
7000 14.4271
7010 17.2858
7020 14.0964
7030 16.5922
7040 14.5904
7050 14.4003
7060 15.2036
7070 15.6141
7080 14.6572
7090 14.7327
7100 14.6752
7110 15.8069
7120 15.4024
7130 14.3764
7140 15.8415
7150 15.2514
7160 15.0699
7170 14.466
7180 14.9588
7190 14.9986
7200 14.632
7210 15.4783
7220 16.0377
7230 14.5616
7240 15.0702
7250 16.1428
7260 14.1997
7270 15.035
7280 15.0237
7290 14.6677
7300 14.6638
7310 15.8336
7320 14.8198
7330 16.1121
7340 14.319
7350 15.3558
7360 14.7767
7370 16.0566
7380 14.1688
7390 14.7773
7400 15.4185
7410 14.8244
7420 15.0068
7430 15.6034
7440 15.0016
7450 14.7609
7460 14.5267
7470 15.8894
7480 15.0293
7490 15.1296
7500 14.5352
7510 15.1181
7520 15.6305
7530 14.8735
7540 14.1323
7550 15.7318
7560 14.7149
7570 14.5175
7580 14.7231
7590 16.619
7600 15.2544
7610 14.3417
7620 14.4662
7630 14.7636
7640 15.0585
7650 14.3304
7660 14.7492
7670 14.618
7680 14.8479
7690 15.5189
7700 14.6198
7710 14.6884
7720 15.1621
7730 14.7386
7740 14.6244
7750 15.3976
7760 14.9009
7770 15.499
7780 14.5701
7790 17.0864
7800 15.0863
7810 15.4439
7820 17.3132
7830 15.166
7840 16.3938
7850 14.8577
7860 14.3267
7870 14.9625
7880 14.5254
7890 15.4971
7900 15.039
7910 15.1226
7920 14.0694
7930 14.607
7940 14.6148
7950 14.9589
7960 15.2291
7970 15.1695
7980 16.1499
7990 14.674
8000 16.2656
8010 15.6102
8020 15.2333
8030 15.1065
8040 15.2149
8050 15.6285
8060 14.9899
8070 15.7121
8080 14.7993
8090 14.8485
8100 15.0077
8110 14.6764
8120 14.4611
8130 14.295
8140 15.6668
8150 14.5153
8160 15.5997
8170 15.5651
8180 15.2607
8190 14.8153
8200 15.2779
8210 15.0096
8220 15.8522
8230 14.6421
8240 15.863
8250 14.9253
8260 15.2172
8270 15.068
8280 14.7889
8290 15.1363
8300 14.9012
8310 15.9677
8320 16.0737
8330 15.032
8340 15.6286
8350 16.363
8360 14.6686
8370 15.0814
8380 15.0296
8390 15.2189
8400 16.2479
8410 14.7767
8420 14.795
8430 14.7157
8440 15.6028
8450 14.9026
8460 16.3055
8470 17.8589
8480 14.6604
8490 14.5167
8500 14.6998
8510 15.1486
8520 15.0345
8530 14.972
8540 15.245
8550 15.5312
8560 14.8091
8570 16.3088
8580 15.3973
8590 15.1419
8600 16.1452
8610 14.727
8620 14.5794
8630 14.7654
8640 14.45
8650 14.5585
8660 15.419
8670 14.3853
8680 15.2775
8690 18.1806
8700 14.814
8710 14.7603
8720 16.6471
8730 15.7969
8740 15.3529
8750 14.704
8760 15.4971
8770 15.2345
8780 14.3876
8790 14.9247
8800 16.6694
8810 15.0638
8820 15.8326
8830 16.8417
8840 15.2429
8850 15.6845
8860 15.1681
8870 15.9726
8880 14.7388
8890 15.3978
8900 16.8276
8910 16.3144
8920 14.3023
8930 14.5524
8940 15.8659
8950 14.7919
8960 15.694
8970 15.5866
8980 16.0738
8990 16.3681
9000 16.2078
9010 14.4929
9020 15.3242
9030 14.9535
9040 15.1622
9050 15.1522
9060 16.0935
9070 14.6188
9080 14.7297
9090 14.7625
9100 16.6911
9110 15.0177
9120 15.2282
9130 15.7174
9140 15.9391
9150 15.0732
9160 15.8843
9170 14.4424
9180 14.8989
9190 15.737
9200 14.8776
9210 14.5099
9220 15.0018
9230 15.2768
9240 15.4902
9250 14.6937
9260 16.3565
9270 15.5849
9280 14.8078
9290 15.1645
9300 16.1126
9310 16.4425
9320 14.8317
9330 14.6511
9340 15.5536
9350 15.3407
9360 14.4702
9370 15.6173
9380 15.4621
9390 16.6321
9400 15.7053
9410 15.3671
9420 14.974
9430 14.6863
9440 16.0724
9450 14.9551
9460 15.2235
9470 15.7467
9480 16.818
9490 14.8767
9500 15.4248
9510 15.7249
9520 14.7563
9530 15.1078
9540 15.1725
9550 15.2704
9560 15.2227
9570 16.2608
9580 16.327
9590 14.8362
9600 15.3025
9610 15.1001
9620 15.5503
9630 15.3996
9640 16.0509
9650 14.8966
9660 14.8546
9670 16.2398
9680 16.1085
9690 15.5921
9700 15.4899
9710 15.9754
9720 15.7734
9730 16.9378
9740 16.9595
9750 15.1691
9760 15.6929
9770 15.573
9780 15.6288
9790 15.7627
9800 14.7015
9810 15.4173
9820 16.0103
9830 14.7833
9840 16.0671
9850 17.2871
9860 15.0577
9870 14.7403
9880 15.1015
9890 15.1407
9900 16.9119
9910 15.2079
9920 15.3935
9930 15.7557
9940 15.9328
9950 14.4067
9960 14.9454
9970 15.5665
9980 15.1093
9990 15.2318
10000 14.9081
10010 16.5868
10020 15.559
10030 16.9295
10040 15.0626
10050 16.1208
10060 15.8054
10070 14.8017
10080 16.4613
10090 15.5021
10100 14.7241
10110 16.7733
10120 15.2545
10130 16.696
10140 15.8041
10150 16.088
10160 16.0292
10170 16.9491
10180 14.9573
10190 14.7988
10200 15.5681
10210 16.0154
10220 15.3732
10230 15.3377
10240 14.4862
10250 15.0977
10260 15.0572
10270 14.7808
10280 14.6913
10290 15.9434
10300 15.4438
10310 15.8627
10320 15.88
10330 15.6537
10340 14.8768
10350 15.3588
10360 15.2349
10370 14.9636
10380 14.8166
10390 15.9765
10400 14.9273
10410 15.9616
10420 16.1586
10430 16.0053
10440 15.0074
10450 15.467
10460 15.6122
10470 16.738
10480 15.0237
10490 15.6479
10500 15.5962
10510 15.6764
10520 15.4881
10530 16.1231
10540 16.2066
10550 15.0134
10560 15.4115
10570 15.5071
10580 15.5807
10590 14.9451
10600 14.6226
10610 15.1587
10620 14.6804
10630 15.1499
10640 14.8277
10650 15.524
10660 16.1201
10670 15.7672
10680 16.1934
10690 15.4939
10700 15.8984
10710 17.1171
10720 14.7462
10730 16.1055
10740 15.1519
10750 16.068
10760 14.794
10770 15.2572
10780 16.0516
10790 15.6264
10800 15.7259
10810 15.2984
10820 15.473
10830 15.6579
10840 16.1752
10850 15.8018
10860 15.8973
10870 16.0355
10880 14.9052
10890 16.4961
10900 15.3134
10910 16.6095
10920 15.9688
10930 15.2673
10940 15.6
10950 15.7183
10960 16.0552
10970 15.1189
10980 15.4079
10990 15.0788
11000 16.6938
11010 15.2996
11020 15.5033
11030 16.3632
11040 15.9941
11050 15.7804
11060 15.8962
11070 15.9635
11080 15.164
11090 16.3045
11100 14.7691
11110 16.5502
11120 15.7377
11130 15.5912
11140 16.3747
11150 16.4825
11160 15.1822
11170 15.5131
11180 16.3388
11190 15.03
11200 16.0568
11210 15.845
11220 16.4893
11230 15.6135
11240 17.093
11250 16.4123
11260 14.9808
11270 15.7474
11280 15.9535
11290 15.7058
11300 15.843
11310 16.7158
11320 15.5757
11330 15.5036
11340 15.7327
11350 15.5216
11360 16.5961
11370 16.5532
11380 16.7911
11390 15.1493
11400 16.1959
11410 16.2687
11420 15.2456
11430 15.3267
11440 15.9216
11450 15.0786
11460 15.8079
11470 15.5623
11480 15.8269
11490 14.7985
11500 15.1226
11510 15.7803
11520 15.7974
11530 16.0789
11540 16.6214
11550 15.0415
11560 15.1053
11570 15.1292
11580 16.4703
11590 15.7432
11600 16.3643
11610 15.9818
11620 16.6456
11630 15.2212
11640 16.3766
11650 15.181
11660 14.911
11670 16.2805
11680 16.7675
11690 16.4396
11700 15.0691
11710 15.7948
11720 15.6801
11730 15.6059
11740 15.628
11750 16.1041
11760 15.0005
11770 16.4745
11780 15.6955
11790 15.8192
11800 16.5474
11810 15.5444
11820 17.4562
11830 15.3949
11840 15.4663
11850 15.9278
11860 16.0937
11870 16.3939
11880 16.1822
11890 15.6527
11900 15.5655
11910 15.5681
11920 15.6593
11930 15.656
11940 16.2752
11950 16.0084
11960 15.4497
11970 15.5242
11980 17.0025
11990 15.7314
12000 17.1373
12010 16.7422
12020 15.8194
12030 16.1604
12040 15.8663
12050 16.2667
12060 14.9771
12070 17.3939
12080 16.046
12090 15.843
12100 15.8186
12110 14.7908
12120 15.0774
12130 16.2618
12140 16.1258
12150 14.946
12160 15.5892
12170 15.8987
12180 16.8621
12190 15.1936
12200 15.1465
12210 15.35
12220 15.7084
12230 17.1295
12240 15.2303
12250 17.7643
12260 15.2495
12270 16.6005
12280 15.1827
12290 15.7575
12300 15.3592
12310 16.3416
12320 17.3778
12330 16.2375
12340 15.2532
12350 16.3968
12360 16.1844
12370 15.9579
12380 15.4894
12390 15.6675
12400 16.031
12410 16.4985
12420 16.1258
12430 16.058
12440 16.0049
12450 15.5587
12460 15.5053
12470 16.1246
12480 16.6862
12490 17.3046
12500 15.9029
12510 15.5069
12520 16.073
12530 15.6927
12540 16.9304
12550 15.4448
12560 16.4688
12570 16.189
12580 15.6929
12590 15.3855
12600 16.1169
12610 15.8733
12620 16.3274
12630 15.1619
12640 16.219
12650 16.2365
12660 15.3641
12670 16.39
12680 15.6587
12690 15.3925
12700 15.8574
12710 15.9911
12720 15.564
12730 17.6407
12740 15.9263
12750 15.9768
12760 16.3102
12770 16.6837
12780 16.2171
12790 16.9687
12800 15.82
12810 16.3802
12820 15.7368
12830 15.4168
12840 17.5989
12850 16.0243
12860 15.5772
12870 15.288
12880 17.1847
12890 16.2241
12900 15.8203
12910 15.3985
12920 16.7128
12930 17.4546
12940 16.3833
12950 17.2232
12960 15.4438
12970 15.1831
12980 15.27
12990 16.004
13000 17.0465
13010 16.216
13020 16.4097
13030 16.1913
13040 15.6351
13050 15.7558
13060 15.5918
13070 15.8686
13080 15.193
13090 15.5519
13100 16.1028
13110 14.6714
13120 16.1774
13130 16.2213
13140 17.7411
13150 15.6009
13160 16.39
13170 16.8995
13180 15.9436
13190 15.8894
13200 16.4612
13210 16.0552
13220 16.7934
13230 15.9085
13240 16.1022
13250 16.6016
13260 16.0788
13270 15.6639
13280 16.0429
13290 15.3934
13300 15.8641
13310 15.6727
13320 16.2461
13330 16.8147
13340 15.6502
13350 16.8138
13360 15.3259
13370 15.8335
13380 15.7882
13390 15.5708
13400 15.589
13410 17.2043
13420 16.2435
13430 15.0527
13440 16.8043
13450 16.1218
13460 16.7002
13470 17.4533
13480 15.8306
13490 15.2776
13500 15.5676
13510 14.9879
13520 16.7358
13530 15.7429
13540 16.348
13550 16.8544
13560 16.7852
13570 16.3961
13580 15.6166
13590 15.9367
13600 17.5392
13610 16.0145
13620 15.745
13630 17.0278
13640 16.0858
13650 18.7201
13660 17.2897
13670 17.1899
13680 15.6641
13690 16.2427
13700 16.8172
13710 15.7744
13720 16.1086
13730 16.328
13740 15.4417
13750 15.7957
13760 17.6065
13770 15.6535
13780 16.3755
13790 16.3721
13800 17.8373
13810 15.5718
13820 16.5038
13830 17.0814
13840 16.0505
13850 15.7701
13860 15.6577
13870 15.2596
13880 15.8735
13890 17.3256
13900 15.6876
13910 17.592
13920 16.8681
13930 16.3397
13940 16.4096
13950 16.0637
13960 16.2953
13970 16.6502
13980 15.8636
13990 16.5635
14000 16.4991
14010 16.3822
14020 15.2949
14030 16.8762
14040 15.8514
14050 15.9213
14060 16.1075
14070 16.095
14080 15.6581
14090 15.9128
14100 16.1675
14110 16.8632
14120 15.2913
14130 16.3089
14140 16.2536
14150 15.6682
14160 16.3667
14170 16.7919
14180 16.7811
14190 15.6387
14200 15.4682
14210 16.7764
14220 16.3448
14230 16.7232
14240 16.8451
14250 15.8651
14260 15.3009
14270 16.8116
14280 17.6006
14290 15.9132
14300 16.0224
14310 16.0354
14320 15.9548
14330 15.7955
14340 15.7115
14350 15.9374
14360 16.1387
14370 16.4377
14380 15.9929
14390 16.7311
14400 15.9256
14410 16.017
14420 17.7928
14430 16.5084
14440 15.5413
14450 16.5805
14460 15.6559
14470 15.667
14480 16.8188
14490 16.5989
14500 17.1858
14510 18.4174
14520 15.9906
14530 15.2571
14540 17.1612
14550 15.6291
14560 16.2934
14570 16.4613
14580 17.5377
14590 16.6975
14600 15.4757
14610 15.4137
14620 16.3116
14630 15.1847
14640 17.1883
14650 15.7689
14660 16.444
14670 16.6837
14680 16.1698
14690 16.4478
14700 16.933
14710 16.5087
14720 16.4841
14730 15.2363
14740 15.7622
14750 16.0347
14760 16.1948
14770 15.0581
14780 17.9737
14790 15.6592
14800 17.4394
14810 15.7119
14820 17.749
14830 16.6429
14840 17.8722
14850 17.233
14860 16.7233
14870 16.1239
14880 15.6495
14890 16.3904
14900 17.931
14910 15.4599
14920 16.4297
14930 15.9663
14940 16.7966
14950 16.487
14960 16.5552
14970 16.5599
14980 15.8821
14990 16.0667
15000 15.7574
15010 16.2502
15020 16.688
15030 16.5094
15040 15.7145
15050 16.5871
15060 15.6959
15070 15.8195
15080 16.2675
15090 15.7117
15100 17.7335
15110 15.7949
15120 16.1898
15130 15.9355
15140 16.0775
15150 19.0996
15160 17.5149
15170 18.9309
15180 15.7559
15190 16.1976
15200 16.646
15210 17.9007
15220 16.8539
15230 17.1838
15240 18.666
15250 16.5104
15260 15.4538
15270 15.7958
15280 16.4614
15290 15.9882
15300 16.18
15310 16.0559
15320 15.7461
15330 15.7994
15340 16.4519
15350 16.3619
15360 16.1404
15370 15.7524
15380 16.8439
15390 16.3964
15400 17.9
15410 16.9716
15420 16.0035
15430 16.8323
15440 17.5734
15450 15.9916
15460 16.3471
15470 16.3526
15480 16.4835
15490 15.5775
15500 17.4587
15510 15.4929
15520 16.0411
15530 15.8078
15540 16.1719
15550 16.3815
15560 15.0539
15570 18.2486
15580 16.5013
15590 16.9393
15600 17.8846
15610 15.7551
15620 15.6654
15630 16.2983
15640 16.689
15650 16.7953
15660 16.02
15670 16.7214
15680 16.0898
15690 15.7663
15700 15.305
15710 16.9147
15720 16.3785
15730 15.9994
15740 16.0099
15750 16.1702
15760 16.5672
15770 16.4011
15780 16.5898
15790 16.0484
15800 15.5825
15810 15.9166
15820 16.6182
15830 16.6255
15840 16.2728
15850 16.2951
15860 16.586
15870 19.5419
15880 17.8937
15890 16.8253
15900 15.6083
15910 17.1365
15920 16.2463
15930 15.8485
15940 16.9237
15950 16.645
15960 16.8596
15970 16.5207
15980 17.0633
15990 16.2562
16000 17.5326
16010 16.2135
16020 17.9476
16030 16.6487
16040 17.5172
16050 15.8632
16060 15.389
16070 16.3315
16080 16.7529
16090 16.4876
16100 16.7568
16110 16.4641
16120 16.6236
16130 18.5985
16140 17.2738
16150 16.5153
16160 16.1643
16170 17.8137
16180 16.5967
16190 16.0244
16200 16.4082
16210 15.9994
16220 18.1274
16230 16.0767
16240 17.5022
16250 15.6267
16260 16.7395
16270 15.3748
16280 16.5779
16290 16.3766
16300 15.6994
16310 16.1818
16320 15.6254
16330 15.9886
16340 17.1139
16350 16.886
16360 16.2984
16370 17.8367
16380 17.7781
16390 15.728
16400 15.9297
16410 16.6708
16420 16.5419
16430 16.737
16440 15.044
16450 17.8144
16460 15.7569
16470 16.34
16480 16.3464
16490 15.5655
16500 16.5632
16510 16.7768
16520 17.4937
16530 16.4665
16540 16.3604
16550 17.5993
16560 17.0282
16570 15.9406
16580 16.4007
16590 15.9469
16600 18.1338
16610 16.5669
16620 16.3074
16630 15.7173
16640 16.0314
16650 16.4492
16660 16.7825
16670 16.0508
16680 18.8275
16690 15.8744
16700 16.222
16710 16.4079
16720 16.8872
16730 16.6961
16740 17.4547
16750 17.5286
16760 16.3605
16770 15.5858
16780 16.0851
16790 16.7297
16800 16.763
16810 16.4459
16820 16.8723
16830 16.3508
16840 16.8124
16850 16.6256
16860 16.5093
16870 17.5477
16880 16.3465
16890 16.292
16900 16.6643
16910 15.9632
16920 18.0156
16930 17.8317
16940 16.2687
16950 16.2218
16960 16.7277
16970 17.2822
16980 16.3806
16990 16.4674
17000 16.1575
17010 16.3212
17020 15.6086
17030 16.2296
17040 16.4508
17050 15.8047
17060 16.7051
17070 15.9667
17080 16.2169
17090 16.7215
17100 16.477
17110 17.5392
17120 16.5141
17130 15.6468
17140 17.1801
17150 18.4353
17160 16.1653
17170 16.5247
17180 18.2764
17190 17.6838
17200 17.1127
17210 16.7617
17220 16.1431
17230 16.5745
17240 16.4178
17250 15.8604
17260 16.0897
17270 17.3373
17280 16.1545
17290 16.266
17300 17.1504
17310 15.7976
17320 15.7251
17330 16.7189
17340 16.1473
17350 17.202
17360 17.3687
17370 16.4872
17380 15.8681
17390 17.1409
17400 16.4298
17410 16.4559
17420 17.062
17430 16.3271
17440 15.7932
17450 15.6528
17460 17.0724
17470 16.8331
17480 17.1498
17490 16.6831
17500 16.2569
17510 16.5337
17520 16.0057
17530 16.5308
17540 15.7727
17550 17.0983
17560 16.0983
17570 16.8541
17580 16.0449
17590 16.0825
17600 15.9312
17610 16.5653
17620 16.5603
17630 16.542
17640 17.0241
17650 16.3438
17660 17.4992
17670 16.135
17680 17.3503
17690 17.1717
17700 16.2383
17710 16.5269
17720 16.2075
17730 17.7908
17740 15.9363
17750 16.5881
17760 16.7709
17770 16.6684
17780 17.3529
17790 17.1772
17800 17.9848
17810 16.8577
17820 16.3405
17830 16.7825
17840 15.8782
17850 17.0211
17860 16.3249
17870 18.2594
17880 16.2552
17890 15.7867
17900 16.8636
17910 17.5734
17920 16.898
17930 16.0107
17940 16.8918
17950 18.4588
17960 16.1574
17970 16.6218
17980 16.5994
17990 16.4278
18000 16.1043
18010 16.6464
18020 18.0311
18030 17.0513
18040 18.3444
18050 16.0095
18060 17.4565
18070 16.5871
18080 18.3603
18090 17.7057
18100 17.6446
18110 16.3706
18120 16.4052
18130 16.8589
18140 16.7929
18150 16.8346
18160 17.8974
18170 16.1384
18180 17.2024
18190 16.6255
18200 15.7629
18210 16.5909
18220 17.3024
18230 16.5838
18240 17.8154
18250 17.1871
18260 16.1959
18270 17.4185
18280 16.7307
18290 15.92
18300 17.0343
18310 16.2176
18320 16.2222
18330 17.9196
18340 16.9217
18350 18.0925
18360 16.1724
18370 16.7054
18380 16.9747
18390 18.4122
18400 15.9185
18410 17.3103
18420 17.1109
18430 17.4999
18440 15.7002
18450 16.973
18460 17.5821
18470 18.7478
18480 16.7283
18490 17.7247
18500 16.1985
18510 16.8736
18520 16.8732
18530 16.5548
18540 17.1714
18550 16.2579
18560 15.9784
18570 18.2132
18580 16.1856
18590 16.3794
18600 15.8583
18610 16.4979
18620 17.2811
18630 16.2016
18640 16.6637
18650 16.1003
18660 16.232
18670 16.5959
18680 16.7084
18690 16.1507
18700 15.8412
18710 16.6032
18720 16.6319
18730 16.1228
18740 16.0664
18750 18.1926
18760 16.4613
18770 18.1834
18780 16.9197
18790 17.3237
18800 16.3318
18810 16.1964
18820 18.4572
18830 15.8721
18840 16.0905
18850 17.181
18860 17.7186
18870 17.5428
18880 16.887
18890 16.4915
18900 16.0843
18910 16.1715
18920 16.7469
18930 16.2456
18940 16.484
18950 16.7204
18960 16.3652
18970 15.8957
18980 17.0016
18990 16.4928
19000 16.7944
19010 17.3357
19020 15.8458
19030 17.91
19040 16.738
19050 16.5627
19060 17.9018
19070 17.4097
19080 16.186
19090 16.8267
19100 16.8273
19110 16.391
19120 18.3147
19130 16.324
19140 16.5307
19150 18.316
19160 17.0316
19170 16.217
19180 17.0292
19190 16.4762
19200 16.5827
19210 16.7433
19220 17.9103
19230 17.3853
19240 16.0721
19250 17.3766
19260 18.5418
19270 16.8895
19280 17.1616
19290 16.3807
19300 16.857
19310 17.7152
19320 16.9555
19330 16.9088
19340 17.5805
19350 16.0393
19360 16.5334
19370 16.2998
19380 16.2948
19390 16.3095
19400 16.3683
19410 16.9703
19420 17.965
19430 18.1556
19440 18.8516
19450 16.6351
19460 17.0943
19470 16.8123
19480 16.5286
19490 16.9093
19500 17.8667
19510 17.2939
19520 17.8535
19530 18.29
19540 17.8255
19550 16.3558
19560 16.7383
19570 16.6552
19580 17.4415
19590 16.7297
19600 16.1049
19610 15.9614
19620 16.3081
19630 16.6072
19640 17.7318
19650 16.6737
19660 17.278
19670 17.1411
19680 17.6179
19690 18.3336
19700 16.4509
19710 16.0282
19720 17.1746
19730 16.3507
19740 16.7048
19750 16.2662
19760 16.3398
19770 17.4459
19780 16.636
19790 16.7759
19800 17.6874
19810 18.0192
19820 16.7509
19830 16.1704
19840 16.7501
19850 16.3742
19860 16.6895
19870 18.2183
19880 18.1642
19890 16.8326
19900 17.7559
19910 16.3569
19920 17.2526
19930 16.2401
19940 17.1574
19950 18.8314
19960 17.3101
19970 16.3405
19980 17.1415
19990 17.2153
20000 16.4353
20010 16.9398
20020 16.5496
20030 16.3241
20040 18.2203
20050 17.5079
20060 16.9367
20070 16.5236
20080 18.105
20090 16.5401
20100 16.7043
20110 16.9608
20120 17.4738
20130 16.7963
20140 16.1105
20150 17.0904
20160 16.6631
20170 16.6108
20180 17.2199
20190 16.167
20200 16.0599
20210 17.0582
20220 16.9946
20230 16.3421
20240 16.2633
20250 16.9634
20260 16.364
20270 16.477
20280 16.6077
20290 17.1086
20300 15.7078
20310 16.2599
20320 17.4159
20330 15.8168
20340 16.4203
20350 16.8175
20360 16.4212
20370 16.4615
20380 17.2867
20390 16.2475
20400 16.3013
20410 16.424
20420 16.9398
20430 16.9013
20440 17.9806
20450 16.1243
20460 16.8698
20470 17.5537
20480 16.26
20490 17.0616
20500 17.0648
20510 16.137
20520 16.3852
20530 16.2958
20540 16.6889
20550 17.8587
20560 15.8298
20570 17.1004
20580 16.9267
20590 16.5528
20600 16.5914
20610 17.2516
20620 17.1336
20630 16.8721
20640 16.7077
20650 17.5406
20660 17.0624
20670 17.9254
20680 16.3421
20690 16.8705
20700 18.1511
20710 17.0282
20720 16.803
20730 17.2704
20740 16.3508
20750 17.9658
20760 15.8617
20770 16.641
20780 16.7089
20790 16.2212
20800 17.0033
20810 16.8943
20820 16.8709
20830 17.1228
20840 16.9616
20850 16.7404
20860 18.4549
20870 16.5082
20880 18.9277
20890 16.5646
20900 17.3649
20910 16.3485
20920 16.9425
20930 17.293
20940 16.5439
20950 16.989
20960 16.4858
20970 18.5323
20980 16.5489
20990 17.9471
21000 17.9459
21010 17.9016
21020 16.8915
21030 17.7303
21040 17.9693
21050 16.8806
21060 17.0014
21070 16.1538
21080 16.5689
21090 17.8225
21100 16.6411
21110 16.5143
21120 17.3981
21130 16.9298
21140 16.2061
21150 16.6468
21160 16.2862
21170 17.7997
21180 18.3336
21190 18.2435
21200 17.3339
21210 16.4796
21220 17.515
21230 17.1325
21240 17.0001
21250 17.4195
21260 17.8672
21270 16.3696
21280 16.5384
21290 18.7385
21300 17.6687
21310 16.4285
21320 18.546
21330 16.4756
21340 16.7574
21350 16.761
21360 17.7488
21370 17.0397
21380 16.9428
21390 15.9007
21400 17.3588
21410 17.0099
21420 16.9657
21430 18.0049
21440 16.6084
21450 17.8387
21460 16.4723
21470 16.6127
21480 17.3245
21490 18.4992
21500 16.6973
21510 16.8999
21520 16.635
21530 18.5798
21540 17.1998
21550 17.3291
21560 16.6888
21570 17.0092
21580 17.8197
21590 17.0511
21600 17.17
21610 17.546
21620 16.3989
21630 17.9642
21640 17.2902
21650 16.4137
21660 17.3148
21670 17.3444
21680 16.9976
21690 17.1915
21700 17.4298
21710 17.2427
21720 18.7631
21730 17.1858
21740 16.6137
21750 16.7775
21760 16.8021
21770 17.6391
21780 17.2676
21790 17.2194
21800 16.6728
21810 17.2105
21820 16.6148
21830 17.3856
21840 16.2756
21850 16.0397
21860 17.228
21870 17.4946
21880 16.9826
21890 16.3405
21900 18.5512
21910 16.9697
21920 16.6698
21930 16.6287
21940 16.5665
21950 16.4325
21960 16.4576
21970 16.3579
21980 16.7737
21990 16.771
22000 16.8131
22010 16.6201
22020 16.6792
22030 17.305
22040 18.8856
22050 16.1467
22060 16.6841
22070 16.118
22080 17.3267
22090 16.4864
22100 16.7311
22110 16.3724
22120 17.8023
22130 17.6205
22140 17.5019
22150 16.0562
22160 16.4877
22170 17.3277
22180 17.788
22190 17.488
22200 17.9301
22210 17.2622
22220 18.2052
22230 17.1297
22240 16.4702
22250 16.6132
22260 16.7934
22270 17.4015
22280 17.9468
22290 16.0773
22300 17.5177
22310 16.9437
22320 16.7612
22330 18.6441
22340 16.9075
22350 17.0607
22360 17.5754
22370 16.405
22380 16.5661
22390 16.5876
22400 17.2671
22410 18.3039
22420 17.1543
22430 17.2912
22440 17.0946
22450 16.9382
22460 17.3793
22470 17.9027
22480 16.9615
22490 17.1791
22500 16.1769
22510 16.3717
22520 16.5065
22530 16.978
22540 17.5264
22550 18.2049
22560 17.9484
22570 17.6787
22580 18.0923
22590 16.8305
22600 17.2659
22610 17.4331
22620 17.923
22630 17.6297
22640 17.1382
22650 18.0261
22660 17.0743
22670 18.8728
22680 17.0025
22690 16.5247
22700 16.3797
22710 17.5327
22720 17.2422
22730 17.3041
22740 16.8198
22750 16.7539
22760 16.4932
22770 18.6434
22780 16.5691
22790 17.145
22800 17.3285
22810 17.6872
22820 16.549
22830 16.4715
22840 17.644
22850 17.391
22860 16.6382
22870 19.6237
22880 17.266
22890 16.759
22900 17.2461
22910 17.0505
22920 16.585
22930 17.1146
22940 16.7825
22950 16.7394
22960 16.8036
22970 19.2448
22980 17.3804
22990 16.3209
23000 17.9268
23010 17.5619
23020 16.8829
23030 17.3137
23040 17.2914
23050 17.4403
23060 17.6075
23070 17.5691
23080 17.8557
23090 17.4321
23100 16.1858
23110 16.6304
23120 17.4731
23130 17.3429
23140 17.0182
23150 17.5348
23160 18.389
23170 16.9429
23180 16.2868
23190 17.8793
23200 17.719
23210 17.9033
23220 17.8768
23230 17.3483
23240 16.857
23250 17.3851
23260 17.1985
23270 17.1459
23280 16.1752
23290 16.7417
23300 18.0853
23310 17.1198
23320 16.9816
23330 16.8383
23340 17.2755
23350 18.0931
23360 16.6232
23370 17.3312
23380 16.7167
23390 17.4914
23400 17.1218
23410 17.3365
23420 16.8479
23430 16.5192
23440 18.2665
23450 17.5134
23460 17.5949
23470 17.4972
23480 17.9533
23490 17.2109
23500 16.4675
23510 16.6755
23520 17.1541
23530 16.9338
23540 16.6442
23550 17.7948
23560 17.6122
23570 16.5383
23580 17.0933
23590 17.321
23600 17.4056
23610 16.4252
23620 18.1507
23630 17.3266
23640 17.6286
23650 17.9603
23660 17.0743
23670 17.4364
23680 17.0423
23690 16.3585
23700 18.8578
23710 16.6319
23720 17.2685
23730 16.6514
23740 17.2346
23750 17.2148
23760 17.3968
23770 17.3504
23780 16.6282
23790 17.8418
23800 17.2209
23810 17.868
23820 16.7348
23830 17.8785
23840 16.4443
23850 16.517
23860 17.5391
23870 16.8589
23880 16.4291
23890 17.0362
23900 17.6766
23910 15.6997
23920 16.7476
23930 17.0472
23940 17.7284
23950 18.0688
23960 17.5225
23970 18.039
23980 17.1517
23990 17.468
24000 18.7174
24010 17.2997
24020 17.3519
24030 17.4695
24040 17.7209
24050 16.9614
24060 16.9324
24070 16.7709
24080 17.0197
24090 17.1263
24100 17.5702
24110 18.3185
24120 17.84
24130 16.8656
24140 16.6129
24150 16.4856
24160 18.1134
24170 17.9794
24180 16.6367
24190 18.3219
24200 17.6907
24210 17.1729
24220 17.7188
24230 16.7911
24240 17.0462
24250 17.2495
24260 16.8703
24270 16.7711
24280 17.2207
24290 16.366
24300 17.0583
24310 17.5206
24320 17.6367
24330 17.4706
24340 17.9508
24350 17.3366
24360 17.7782
24370 17.1673
24380 16.5809
24390 17.5539
24400 17.6743
24410 16.5727
24420 18.0661
24430 17.745
24440 17.086
24450 16.9852
24460 18.0232
24470 17.1707
24480 16.6538
24490 17.3535
24500 17.8385
24510 17.8421
24520 15.9952
24530 17.9051
24540 18.1815
24550 16.6987
24560 17.0697
24570 16.7917
24580 16.8208
24590 17.7078
24600 17.2299
24610 17.4678
24620 19.1047
24630 16.7359
24640 17.329
24650 17.2401
24660 17.3938
24670 16.8225
24680 17.406
24690 17.7972
24700 17.9747
24710 17.1498
24720 17.0761
24730 17.0378
24740 18.5733
24750 17.1001
24760 16.673
24770 16.643
24780 17.329
24790 17.0687
24800 16.3374
24810 16.8146
24820 17.0501
24830 17.2902
24840 16.9793
24850 17.9638
24860 18.4519
24870 16.9383
24880 17.0667
24890 18.1474
24900 16.7614
24910 17.5877
24920 17.8541
24930 16.5547
24940 17.7215
24950 17.1428
24960 19.051
24970 17.1637
24980 17.3265
24990 17.4677
25000 16.5758
25010 16.6424
25020 18.9613
25030 16.7832
25040 17.9376
25050 18.671
25060 18.3689
25070 17.3856
25080 17.7984
25090 16.7289
25100 17.4021
25110 17.4161
25120 18.3976
25130 17.7295
25140 17.8653
25150 18.1151
25160 17.6658
25170 16.9975
25180 16.9294
25190 16.3783
25200 17.5954
25210 17.5567
25220 16.9558
25230 18.0663
25240 18.9935
25250 16.7105
25260 19.6785
25270 17.2228
25280 17.7361
25290 17.9026
25300 16.8759
25310 17.4366
25320 17.6391
25330 18.4011
25340 17.666
25350 17.5882
25360 17.3571
25370 16.808
25380 16.5465
25390 17.0526
25400 17.4995
25410 17.234
25420 17.376
25430 16.3876
25440 16.2151
25450 16.6274
25460 17.0997
25470 17.0987
25480 18.169
25490 17.5423
25500 17.4174
25510 16.8945
25520 17.3981
25530 16.362
25540 18.6594
25550 17.7756
25560 16.9092
25570 16.7291
25580 17.9778
25590 16.5056
25600 17.9347
25610 17.5195
25620 16.6762
25630 17.2975
25640 16.8226
25650 18.6505
25660 17.2617
25670 17.5986
25680 17.0207
25690 18.8104
25700 17.8528
25710 17.7193
25720 17.6965
25730 18.2257
25740 17.3387
25750 17.8217
25760 18.8808
25770 18.6695
25780 17.2631
25790 16.9857
25800 18.4548
25810 17.4992
25820 17.5436
25830 16.6962
25840 17.854
25850 16.9642
25860 17.1832
25870 16.5232
25880 17.4551
25890 17.4135
25900 18.054
25910 16.8542
25920 17.6063
25930 18.2266
25940 17.4931
25950 16.8902
25960 17.4095
25970 16.232
25980 17.5362
25990 17.1277
26000 17.737
26010 18.9964
26020 17.0174
26030 17.7451
26040 17.5502
26050 17.609
26060 18.0283
26070 17.1174
26080 17.2961
26090 18.6574
26100 17.2232
26110 18.5669
26120 18.5766
26130 17.124
26140 17.1205
26150 18.4023
26160 17.6968
26170 17.0734
26180 16.6835
26190 17.09
26200 19.0142
26210 17.5293
26220 17.8849
26230 16.8874
26240 17.8405
26250 17.8799
26260 16.9827
26270 17.2452
26280 16.7899
26290 18.5317
26300 17.8331
26310 17.4593
26320 18.116
26330 17.2534
26340 17.7589
26350 17.2124
26360 18.2368
26370 18.2975
26380 17.947
26390 16.9227
26400 16.9923
26410 16.4529
26420 18.9583
26430 18.0859
26440 16.5616
26450 17.0478
26460 17.0777
26470 18.6927
26480 18.2495
26490 18.323
26500 19.0282
26510 17.8372
26520 18.7742
26530 17.8424
26540 17.9609
26550 17.3453
26560 18.1926
26570 17.8238
26580 16.722
26590 18.0318
26600 16.9221
26610 16.6625
26620 17.7434
26630 17.4989
26640 17.5143
26650 16.5153
26660 17.1441
26670 17.1331
26680 16.8749
26690 17.862
26700 16.9888
26710 17.6048
26720 17.3815
26730 16.7256
26740 17.1861
26750 17.0034
26760 18.104
26770 16.7555
26780 16.9447
26790 18.1034
26800 16.4379
26810 17.0948
26820 19.1934
26830 17.4126
26840 18.4813
26850 18.4827
26860 17.0617
26870 18.1154
26880 18.0582
26890 17.232
26900 17.4991
26910 18.2109
26920 18.5905
26930 18.0742
26940 17.228
26950 18.0338
26960 18.0072
26970 17.4223
26980 17.282
26990 19.3821
27000 19.4967
27010 18.0666
27020 17.2919
27030 16.7998
27040 17.8306
27050 18.1025
27060 17.3436
27070 17.2705
27080 18.0093
27090 18.0848
27100 16.9452
27110 17.6438
27120 18.1051
27130 17.3674
27140 17.1149
27150 18.2917
27160 17.0516
27170 18.0782
27180 18.0048
27190 16.7432
27200 17.409
27210 18.6358
27220 17.1976
27230 18.0731
27240 16.9252
27250 16.9688
27260 17.3334
27270 17.0501
27280 17.6598
27290 18.0527
27300 17.5735
27310 17.0903
27320 17.6013
27330 17.8404
27340 17.3923
27350 17.5521
27360 17.5947
27370 17.2335
27380 17.7984
27390 17.1108
27400 16.8315
27410 17.4413
27420 18.1648
27430 17.6396
27440 17.4972
27450 17.5736
27460 17.5844
27470 17.3378
27480 18.212
27490 17.4809
27500 18.2572
27510 16.7577
27520 18.2985
27530 16.6327
27540 17.4906
27550 17.9708
27560 18.243
27570 16.8187
27580 17.639
27590 17.3938
27600 17.1278
27610 18.0423
27620 17.5315
27630 16.9793
27640 17.3755
27650 16.9277
27660 18.3277
27670 17.0056
27680 18.1539
27690 16.7749
27700 16.9391
27710 17.0606
27720 19.4833
27730 17.1889
27740 17.3114
27750 18.1467
27760 16.7031
27770 17.4478
27780 18.0253
27790 17.8951
27800 17.2263
27810 17.1664
27820 17.9881
27830 19.8591
27840 18.5688
27850 18.6397
27860 16.8244
27870 17.8924
27880 16.8085
27890 18.8494
27900 17.0375
27910 17.7876
27920 18.1726
27930 17.2483
27940 16.8734
27950 18.2074
27960 18.6713
27970 16.8097
27980 17.3483
27990 17.3178
28000 18.4537
28010 17.6219
28020 18.0368
28030 17.4308
28040 18.0041
28050 18.7562
28060 17.6506
28070 17.9927
28080 17.6511
28090 16.8388
28100 17.3021
28110 16.8989
28120 17.6114
28130 17.0861
28140 16.5369
28150 16.6379
28160 17.5667
28170 16.7785
28180 17.368
28190 17.8481
28200 17.5702
28210 16.5144
28220 16.7044
28230 16.7898
28240 17.1916
28250 16.5826
28260 17.1081
28270 17.0679
28280 18.1181
28290 17.5703
28300 17.2335
28310 17.2494
28320 17.2086
28330 17.9045
28340 17.7962
28350 18.5882
28360 17.0381
28370 17.6108
28380 16.8419
28390 18.4148
28400 19.3089
28410 16.9457
28420 17.6184
28430 16.6275
28440 16.8311
28450 18.1968
28460 17.8949
28470 17.315
28480 16.5641
28490 18.0241
28500 17.8924
28510 17.1597
28520 17.463
28530 17.4054
28540 18.2283
28550 16.5425
28560 19.761
28570 17.3412
28580 17.7892
28590 17.644
28600 18.2553
28610 19.2984
28620 17.2741
28630 17.1029
28640 18.3407
28650 17.8504
28660 17.2599
28670 17.0766
28680 17.1945
28690 17.1655
28700 17.1997
28710 16.8407
28720 17.852
28730 16.9132
28740 17.277
28750 17.0608
28760 17.4949
28770 16.58
28780 17.326
28790 18.1719
28800 18.0832
28810 17.3587
28820 17.3255
28830 17.1554
28840 16.9513
28850 17.8367
28860 16.6369
28870 17.9183
28880 17.6127
28890 17.8473
28900 18.5137
28910 18.5699
28920 17.1029
28930 18.5539
28940 17.5153
28950 18.1038
28960 17.006
28970 17.5331
28980 17.2262
28990 16.8994
29000 17.0095
29010 18.4728
29020 17.6693
29030 18.7664
29040 17.2148
29050 17.3076
29060 17.6588
29070 17.6502
29080 16.9999
29090 17.8001
29100 17.67
29110 17.9108
29120 18.7953
29130 17.4058
29140 17.8836
29150 17.0478
29160 17.0887
29170 17.1049
29180 17.4584
29190 17.9915
29200 16.4828
29210 18.2191
29220 17.4949
29230 17.9042
29240 17.14
29250 17.6271
29260 17.6313
29270 17.9696
29280 17.5232
29290 17.2817
29300 18.1291
29310 17.8637
29320 17.208
29330 17.9475
29340 17.7306
29350 17.9431
29360 17.3001
29370 16.9023
29380 17.5885
29390 18.2874
29400 17.3035
29410 18.0286
29420 17.11
29430 17.2957
29440 16.8085
29450 17.3463
29460 17.9938
29470 17.8357
29480 16.702
29490 17.3611
29500 17.0615
29510 18.2566
29520 16.7367
29530 18.266
29540 17.8231
29550 17.6165
29560 18.7059
29570 17.7208
29580 18.1823
29590 18.0993
29600 17.2678
29610 18.361
29620 17.8509
29630 17.4139
29640 17.3716
29650 17.3528
29660 17.4605
29670 18.4727
29680 17.7748
29690 17.0536
29700 17.2153
29710 17.3504
29720 16.9268
29730 18.4502
29740 17.528
29750 17.4244
29760 17.509
29770 17.5552
29780 17.0454
29790 17.8528
29800 18.1465
29810 17.9335
29820 17.5498
29830 17.9035
29840 17.3276
29850 18.7252
29860 17.7453
29870 17.6611
29880 16.9948
29890 17.9947
29900 18.4698
29910 17.1552
29920 17.508
29930 18.3253
29940 17.2838
29950 17.8314
29960 17.4867
29970 19.4176
29980 17.392
29990 17.9317
30000 17.115
