10 9
20 19
30 29
40 39
50 49
60 59
70 69
80 79
90 89
100 99
110 109
120 119
130 129
140 139
150 149
160 159
170 169
180 179
190 189
200 199
210 209
220 219
230 229
240 239
250 249
260 259
270 269
280 279
290 289
300 299
310 309
320 319
330 329
340 339
350 349
360 359
370 369
380 379
390 389
400 399
410 409
420 419
430 429
440 439
450 449
460 459
470 469
480 479
490 489
500 499
510 509
520 519
530 529
540 539
550 549
560 559
570 569
580 579
590 589
600 599
610 609
620 619
630 629
640 639
650 649
660 659
670 669
680 679
690 689
700 699
710 709
720 719
730 729
740 739
750 749
760 759
770 769
780 779
790 789
800 799
810 809
820 819
830 829
840 839
850 849
860 859
870 869
880 879
890 889
900 899
910 909
920 919
930 929
940 939
950 949
960 959
970 969
980 979
990 989
1000 999
1010 1009
1020 1019
1030 1029
1040 1039
1050 1049
1060 1059
1070 1069
1080 1079
1090 1089
1100 1099
1110 1109
1120 1119
1130 1129
1140 1139
1150 1149
1160 1159
1170 1169
1180 1179
1190 1189
1200 1199
1210 1209
1220 1219
1230 1229
1240 1239
1250 1249
1260 1259
1270 1269
1280 1279
1290 1289
1300 1299
1310 1309
1320 1319
1330 1329
1340 1339
1350 1349
1360 1359
1370 1369
1380 1379
1390 1389
1400 1399
1410 1409
1420 1419
1430 1429
1440 1439
1450 1449
1460 1459
1470 1469
1480 1479
1490 1489
1500 1499
1510 1509
1520 1519
1530 1529
1540 1539
1550 1549
1560 1559
1570 1569
1580 1579
1590 1589
1600 1599
1610 1609
1620 1619
1630 1629
1640 1639
1650 1649
1660 1659
1670 1669
1680 1679
1690 1689
1700 1699
1710 1709
1720 1719
1730 1729
1740 1739
1750 1749
1760 1759
1770 1769
1780 1779
1790 1789
1800 1799
1810 1809
1820 1819
1830 1829
1840 1839
1850 1849
1860 1859
1870 1869
1880 1879
1890 1889
1900 1899
1910 1909
1920 1919
1930 1929
1940 1939
1950 1949
1960 1959
1970 1969
1980 1979
1990 1989
2000 1999
2010 2009
2020 2019
2030 2029
2040 2039
2050 2049
2060 2059
2070 2069
2080 2079
2090 2089
2100 2099
2110 2109
2120 2119
2130 2129
2140 2139
2150 2149
2160 2159
2170 2169
2180 2179
2190 2189
2200 2199
2210 2209
2220 2219
2230 2229
2240 2239
2250 2249
2260 2259
2270 2269
2280 2279
2290 2289
2300 2299
2310 2309
2320 2319
2330 2329
2340 2339
2350 2349
2360 2359
2370 2369
2380 2379
2390 2389
2400 2399
2410 2409
2420 2419
2430 2429
2440 2439
2450 2449
2460 2459
2470 2469
2480 2479
2490 2489
2500 2499
2510 2509
2520 2519
2530 2529
2540 2539
2550 2549
2560 2559
2570 2569
2580 2579
2590 2589
2600 2599
2610 2609
2620 2619
2630 2629
2640 2639
2650 2649
2660 2659
2670 2669
2680 2679
2690 2689
2700 2699
2710 2709
2720 2719
2730 2729
2740 2739
2750 2749
2760 2759
2770 2769
2780 2779
2790 2789
2800 2799
2810 2809
2820 2819
2830 2829
2840 2839
2850 2849
2860 2859
2870 2869
2880 2879
2890 2889
2900 2899
2910 2909
2920 2919
2930 2929
2940 2939
2950 2949
2960 2959
2970 2969
2980 2979
2990 2989
3000 2999
3010 3009
3020 3019
3030 3029
3040 3039
3050 3049
3060 3059
3070 3069
3080 3079
3090 3089
3100 3099
3110 3109
3120 3119
3130 3129
3140 3139
3150 3149
3160 3159
3170 3169
3180 3179
3190 3189
3200 3199
3210 3209
3220 3219
3230 3229
3240 3239
3250 3249
3260 3259
3270 3269
3280 3279
3290 3289
3300 3299
3310 3309
3320 3319
3330 3329
3340 3339
3350 3349
3360 3359
3370 3369
3380 3379
3390 3389
3400 3399
3410 3409
3420 3419
3430 3429
3440 3439
3450 3449
3460 3459
3470 3469
3480 3479
3490 3489
3500 3499
3510 3509
3520 3519
3530 3529
3540 3539
3550 3549
3560 3559
3570 3569
3580 3579
3590 3589
3600 3599
3610 3609
3620 3619
3630 3629
3640 3639
3650 3649
3660 3659
3670 3669
3680 3679
3690 3689
3700 3699
3710 3709
3720 3719
3730 3729
3740 3739
3750 3749
3760 3759
3770 3769
3780 3779
3790 3789
3800 3799
3810 3809
3820 3819
3830 3829
3840 3839
3850 3849
3860 3859
3870 3869
3880 3879
3890 3889
3900 3899
3910 3909
3920 3919
3930 3929
3940 3939
3950 3949
3960 3959
3970 3969
3980 3979
3990 3989
4000 3999
4010 4009
4020 4019
4030 4029
4040 4039
4050 4049
4060 4059
4070 4069
4080 4079
4090 4089
4100 4099
4110 4109
4120 4119
4130 4129
4140 4139
4150 4149
4160 4159
4170 4169
4180 4179
4190 4189
4200 4199
4210 4209
4220 4219
4230 4229
4240 4239
4250 4249
4260 4259
4270 4269
4280 4279
4290 4289
4300 4299
4310 4309
4320 4319
4330 4329
4340 4339
4350 4349
4360 4359
4370 4369
4380 4379
4390 4389
4400 4399
4410 4409
4420 4419
4430 4429
4440 4439
4450 4449
4460 4459
4470 4469
4480 4479
4490 4489
4500 4499
4510 4509
4520 4519
4530 4529
4540 4539
4550 4549
4560 4559
4570 4569
4580 4579
4590 4589
4600 4599
4610 4609
4620 4619
4630 4629
4640 4639
4650 4649
4660 4659
4670 4669
4680 4679
4690 4689
4700 4699
4710 4709
4720 4719
4730 4729
4740 4739
4750 4749
4760 4759
4770 4769
4780 4779
4790 4789
4800 4799
4810 4809
4820 4819
4830 4829
4840 4839
4850 4849
4860 4859
4870 4869
4880 4879
4890 4889
4900 4899
4910 4909
4920 4919
4930 4929
4940 4939
4950 4949
4960 4959
4970 4969
4980 4979
4990 4989
5000 4999
5010 5009
5020 5019
5030 5029
5040 5039
5050 5049
5060 5059
5070 5069
5080 5079
5090 5089
5100 5099
5110 5109
5120 5119
5130 5129
5140 5139
5150 5149
5160 5159
5170 5169
5180 5179
5190 5189
5200 5199
5210 5209
5220 5219
5230 5229
5240 5239
5250 5249
5260 5259
5270 5269
5280 5279
5290 5289
5300 5299
5310 5309
5320 5319
5330 5329
5340 5339
5350 5349
5360 5359
5370 5369
5380 5379
5390 5389
5400 5399
5410 5409
5420 5419
5430 5429
5440 5439
5450 5449
5460 5459
5470 5469
5480 5479
5490 5489
5500 5499
5510 5509
5520 5519
5530 5529
5540 5539
5550 5549
5560 5559
5570 5569
5580 5579
5590 5589
5600 5599
5610 5609
5620 5619
5630 5629
5640 5639
5650 5649
5660 5659
5670 5669
5680 5679
5690 5689
5700 5699
5710 5709
5720 5719
5730 5729
5740 5739
5750 5749
5760 5759
5770 5769
5780 5779
5790 5789
5800 5799
5810 5809
5820 5819
5830 5829
5840 5839
5850 5849
5860 5859
5870 5869
5880 5879
5890 5889
5900 5899
5910 5909
5920 5919
5930 5929
5940 5939
5950 5949
5960 5959
5970 5969
5980 5979
5990 5989
6000 5999
6010 6009
6020 6019
6030 6029
6040 6039
6050 6049
6060 6059
6070 6069
6080 6079
6090 6089
6100 6099
6110 6109
6120 6119
6130 6129
6140 6139
6150 6149
6160 6159
6170 6169
6180 6179
6190 6189
6200 6199
6210 6209
6220 6219
6230 6229
6240 6239
6250 6249
6260 6259
6270 6269
6280 6279
6290 6289
6300 6299
6310 6309
6320 6319
6330 6329
6340 6339
6350 6349
6360 6359
6370 6369
6380 6379
6390 6389
6400 6399
6410 6409
6420 6419
6430 6429
6440 6439
6450 6449
6460 6459
6470 6469
6480 6479
6490 6489
6500 6499
6510 6509
6520 6519
6530 6529
6540 6539
6550 6549
6560 6559
6570 6569
6580 6579
6590 6589
6600 6599
6610 6609
6620 6619
6630 6629
6640 6639
6650 6649
6660 6659
6670 6669
6680 6679
6690 6689
6700 6699
6710 6709
6720 6719
6730 6729
6740 6739
6750 6749
6760 6759
6770 6769
6780 6779
6790 6789
6800 6799
6810 6809
6820 6819
6830 6829
6840 6839
6850 6849
6860 6859
6870 6869
6880 6879
6890 6889
6900 6899
6910 6909
6920 6919
6930 6929
6940 6939
6950 6949
6960 6959
6970 6969
6980 6979
6990 6989
7000 6999
7010 7009
7020 7019
7030 7029
7040 7039
7050 7049
7060 7059
7070 7069
7080 7079
7090 7089
7100 7099
7110 7109
7120 7119
7130 7129
7140 7139
7150 7149
7160 7159
7170 7169
7180 7179
7190 7189
7200 7199
7210 7209
7220 7219
7230 7229
7240 7239
7250 7249
7260 7259
7270 7269
7280 7279
7290 7289
7300 7299
7310 7309
7320 7319
7330 7329
7340 7339
7350 7349
7360 7359
7370 7369
7380 7379
7390 7389
7400 7399
7410 7409
7420 7419
7430 7429
7440 7439
7450 7449
7460 7459
7470 7469
7480 7479
7490 7489
7500 7499
7510 7509
7520 7519
7530 7529
7540 7539
7550 7549
7560 7559
7570 7569
7580 7579
7590 7589
7600 7599
7610 7609
7620 7619
7630 7629
7640 7639
7650 7649
7660 7659
7670 7669
7680 7679
7690 7689
7700 7699
7710 7709
7720 7719
7730 7729
7740 7739
7750 7749
7760 7759
7770 7769
7780 7779
7790 7789
7800 7799
7810 7809
7820 7819
7830 7829
7840 7839
7850 7849
7860 7859
7870 7869
7880 7879
7890 7889
7900 7899
7910 7909
7920 7919
7930 7929
7940 7939
7950 7949
7960 7959
7970 7969
7980 7979
7990 7989
8000 7999
8010 8009
8020 8019
8030 8029
8040 8039
8050 8049
8060 8059
8070 8069
8080 8079
8090 8089
8100 8099
8110 8109
8120 8119
8130 8129
8140 8139
8150 8149
8160 8159
8170 8169
8180 8179
8190 8189
8200 8199
8210 8209
8220 8219
8230 8229
8240 8239
8250 8249
8260 8259
8270 8269
8280 8279
8290 8289
8300 8299
8310 8309
8320 8319
8330 8329
8340 8339
8350 8349
8360 8359
8370 8369
8380 8379
8390 8389
8400 8399
8410 8409
8420 8419
8430 8429
8440 8439
8450 8449
8460 8459
8470 8469
8480 8479
8490 8489
8500 8499
8510 8509
8520 8519
8530 8529
8540 8539
8550 8549
8560 8559
8570 8569
8580 8579
8590 8589
8600 8599
8610 8609
8620 8619
8630 8629
8640 8639
8650 8649
8660 8659
8670 8669
8680 8679
8690 8689
8700 8699
8710 8709
8720 8719
8730 8729
8740 8739
8750 8749
8760 8759
8770 8769
8780 8779
8790 8789
8800 8799
8810 8809
8820 8819
8830 8829
8840 8839
8850 8849
8860 8859
8870 8869
8880 8879
8890 8889
8900 8899
8910 8909
8920 8919
8930 8929
8940 8939
8950 8949
8960 8959
8970 8969
8980 8979
8990 8989
9000 8999
9010 9009
9020 9019
9030 9029
9040 9039
9050 9049
9060 9059
9070 9069
9080 9079
9090 9089
9100 9099
9110 9109
9120 9119
9130 9129
9140 9139
9150 9149
9160 9159
9170 9169
9180 9179
9190 9189
9200 9199
9210 9209
9220 9219
9230 9229
9240 9239
9250 9249
9260 9259
9270 9269
9280 9279
9290 9289
9300 9299
9310 9309
9320 9319
9330 9329
9340 9339
9350 9349
9360 9359
9370 9369
9380 9379
9390 9389
9400 9399
9410 9409
9420 9419
9430 9429
9440 9439
9450 9449
9460 9459
9470 9469
9480 9479
9490 9489
9500 9499
9510 9509
9520 9519
9530 9529
9540 9539
9550 9549
9560 9559
9570 9569
9580 9579
9590 9589
9600 9599
9610 9609
9620 9619
9630 9629
9640 9639
9650 9649
9660 9659
9670 9669
9680 9679
9690 9689
9700 9699
9710 9709
9720 9719
9730 9729
9740 9739
9750 9749
9760 9759
9770 9769
9780 9779
9790 9789
9800 9799
9810 9809
9820 9819
9830 9829
9840 9839
9850 9849
9860 9859
9870 9869
9880 9879
9890 9889
9900 9899
9910 9909
9920 9919
9930 9929
9940 9939
9950 9949
9960 9959
9970 9969
9980 9979
9990 9989
10000 9999
10010 10009
10020 10019
10030 10029
10040 10039
10050 10049
10060 10059
10070 10069
10080 10079
10090 10089
10100 10099
10110 10109
10120 10119
10130 10129
10140 10139
10150 10149
10160 10159
10170 10169
10180 10179
10190 10189
10200 10199
10210 10209
10220 10219
10230 10229
10240 10239
10250 10249
10260 10259
10270 10269
10280 10279
10290 10289
10300 10299
10310 10309
10320 10319
10330 10329
10340 10339
10350 10349
10360 10359
10370 10369
10380 10379
10390 10389
10400 10399
10410 10409
10420 10419
10430 10429
10440 10439
10450 10449
10460 10459
10470 10469
10480 10479
10490 10489
10500 10499
10510 10509
10520 10519
10530 10529
10540 10539
10550 10549
10560 10559
10570 10569
10580 10579
10590 10589
10600 10599
10610 10609
10620 10619
10630 10629
10640 10639
10650 10649
10660 10659
10670 10669
10680 10679
10690 10689
10700 10699
10710 10709
10720 10719
10730 10729
10740 10739
10750 10749
10760 10759
10770 10769
10780 10779
10790 10789
10800 10799
10810 10809
10820 10819
10830 10829
10840 10839
10850 10849
10860 10859
10870 10869
10880 10879
10890 10889
10900 10899
10910 10909
10920 10919
10930 10929
10940 10939
10950 10949
10960 10959
10970 10969
10980 10979
10990 10989
11000 10999
11010 11009
11020 11019
11030 11029
11040 11039
11050 11049
11060 11059
11070 11069
11080 11079
11090 11089
11100 11099
11110 11109
11120 11119
11130 11129
11140 11139
11150 11149
11160 11159
11170 11169
11180 11179
11190 11189
11200 11199
11210 11209
11220 11219
11230 11229
11240 11239
11250 11249
11260 11259
11270 11269
11280 11279
11290 11289
11300 11299
11310 11309
11320 11319
11330 11329
11340 11339
11350 11349
11360 11359
11370 11369
11380 11379
11390 11389
11400 11399
11410 11409
11420 11419
11430 11429
11440 11439
11450 11449
11460 11459
11470 11469
11480 11479
11490 11489
11500 11499
11510 11509
11520 11519
11530 11529
11540 11539
11550 11549
11560 11559
11570 11569
11580 11579
11590 11589
11600 11599
11610 11609
11620 11619
11630 11629
11640 11639
11650 11649
11660 11659
11670 11669
11680 11679
11690 11689
11700 11699
11710 11709
11720 11719
11730 11729
11740 11739
11750 11749
11760 11759
11770 11769
11780 11779
11790 11789
11800 11799
11810 11809
11820 11819
11830 11829
11840 11839
11850 11849
11860 11859
11870 11869
11880 11879
11890 11889
11900 11899
11910 11909
11920 11919
11930 11929
11940 11939
11950 11949
11960 11959
11970 11969
11980 11979
11990 11989
12000 11999
12010 12009
12020 12019
12030 12029
12040 12039
12050 12049
12060 12059
12070 12069
12080 12079
12090 12089
12100 12099
12110 12109
12120 12119
12130 12129
12140 12139
12150 12149
12160 12159
12170 12169
12180 12179
12190 12189
12200 12199
12210 12209
12220 12219
12230 12229
12240 12239
12250 12249
12260 12259
12270 12269
12280 12279
12290 12289
12300 12299
12310 12309
12320 12319
12330 12329
12340 12339
12350 12349
12360 12359
12370 12369
12380 12379
12390 12389
12400 12399
12410 12409
12420 12419
12430 12429
12440 12439
12450 12449
12460 12459
12470 12469
12480 12479
12490 12489
12500 12499
12510 12509
12520 12519
12530 12529
12540 12539
12550 12549
12560 12559
12570 12569
12580 12579
12590 12589
12600 12599
12610 12609
12620 12619
12630 12629
12640 12639
12650 12649
12660 12659
12670 12669
12680 12679
12690 12689
12700 12699
12710 12709
12720 12719
12730 12729
12740 12739
12750 12749
12760 12759
12770 12769
12780 12779
12790 12789
12800 12799
12810 12809
12820 12819
12830 12829
12840 12839
12850 12849
12860 12859
12870 12869
12880 12879
12890 12889
12900 12899
12910 12909
12920 12919
12930 12929
12940 12939
12950 12949
12960 12959
12970 12969
12980 12979
12990 12989
13000 12999
13010 13009
13020 13019
13030 13029
13040 13039
13050 13049
13060 13059
13070 13069
13080 13079
13090 13089
13100 13099
13110 13109
13120 13119
13130 13129
13140 13139
13150 13149
13160 13159
13170 13169
13180 13179
13190 13189
13200 13199
13210 13209
13220 13219
13230 13229
13240 13239
13250 13249
13260 13259
13270 13269
13280 13279
13290 13289
13300 13299
13310 13309
13320 13319
13330 13329
13340 13339
13350 13349
13360 13359
13370 13369
13380 13379
13390 13389
13400 13399
13410 13409
13420 13419
13430 13429
13440 13439
13450 13449
13460 13459
13470 13469
13480 13479
13490 13489
13500 13499
13510 13509
13520 13519
13530 13529
13540 13539
13550 13549
13560 13559
13570 13569
13580 13579
13590 13589
13600 13599
13610 13609
13620 13619
13630 13629
13640 13639
13650 13649
13660 13659
13670 13669
13680 13679
13690 13689
13700 13699
13710 13709
13720 13719
13730 13729
13740 13739
13750 13749
13760 13759
13770 13769
13780 13779
13790 13789
13800 13799
13810 13809
13820 13819
13830 13829
13840 13839
13850 13849
13860 13859
13870 13869
13880 13879
13890 13889
13900 13899
13910 13909
13920 13919
13930 13929
13940 13939
13950 13949
13960 13959
13970 13969
13980 13979
13990 13989
14000 13999
14010 14009
14020 14019
14030 14029
14040 14039
14050 14049
14060 14059
14070 14069
14080 14079
14090 14089
14100 14099
14110 14109
14120 14119
14130 14129
14140 14139
14150 14149
14160 14159
14170 14169
14180 14179
14190 14189
14200 14199
14210 14209
14220 14219
14230 14229
14240 14239
14250 14249
14260 14259
14270 14269
14280 14279
14290 14289
14300 14299
14310 14309
14320 14319
14330 14329
14340 14339
14350 14349
14360 14359
14370 14369
14380 14379
14390 14389
14400 14399
14410 14409
14420 14419
14430 14429
14440 14439
14450 14449
14460 14459
14470 14469
14480 14479
14490 14489
14500 14499
14510 14509
14520 14519
14530 14529
14540 14539
14550 14549
14560 14559
14570 14569
14580 14579
14590 14589
14600 14599
14610 14609
14620 14619
14630 14629
14640 14639
14650 14649
14660 14659
14670 14669
14680 14679
14690 14689
14700 14699
14710 14709
14720 14719
14730 14729
14740 14739
14750 14749
14760 14759
14770 14769
14780 14779
14790 14789
14800 14799
14810 14809
14820 14819
14830 14829
14840 14839
14850 14849
14860 14859
14870 14869
14880 14879
14890 14889
14900 14899
14910 14909
14920 14919
14930 14929
14940 14939
14950 14949
14960 14959
14970 14969
14980 14979
14990 14989
15000 14999
15010 15009
15020 15019
15030 15029
15040 15039
15050 15049
15060 15059
15070 15069
15080 15079
15090 15089
15100 15099
15110 15109
15120 15119
15130 15129
15140 15139
15150 15149
15160 15159
15170 15169
15180 15179
15190 15189
15200 15199
15210 15209
15220 15219
15230 15229
15240 15239
15250 15249
15260 15259
15270 15269
15280 15279
15290 15289
15300 15299
15310 15309
15320 15319
15330 15329
15340 15339
15350 15349
15360 15359
15370 15369
15380 15379
15390 15389
15400 15399
15410 15409
15420 15419
15430 15429
15440 15439
15450 15449
15460 15459
15470 15469
15480 15479
15490 15489
15500 15499
15510 15509
15520 15519
15530 15529
15540 15539
15550 15549
15560 15559
15570 15569
15580 15579
15590 15589
15600 15599
15610 15609
15620 15619
15630 15629
15640 15639
15650 15649
15660 15659
15670 15669
15680 15679
15690 15689
15700 15699
15710 15709
15720 15719
15730 15729
15740 15739
15750 15749
15760 15759
15770 15769
15780 15779
15790 15789
15800 15799
15810 15809
15820 15819
15830 15829
15840 15839
15850 15849
15860 15859
15870 15869
15880 15879
15890 15889
15900 15899
15910 15909
15920 15919
15930 15929
15940 15939
15950 15949
15960 15959
15970 15969
15980 15979
15990 15989
16000 15999
16010 16009
16020 16019
16030 16029
16040 16039
16050 16049
16060 16059
16070 16069
16080 16079
16090 16089
16100 16099
16110 16109
16120 16119
16130 16129
16140 16139
16150 16149
16160 16159
16170 16169
16180 16179
16190 16189
16200 16199
16210 16209
16220 16219
16230 16229
16240 16239
16250 16249
16260 16259
16270 16269
16280 16279
16290 16289
16300 16299
16310 16309
16320 16319
16330 16329
16340 16339
16350 16349
16360 16359
16370 16369
16380 16379
16390 16389
16400 16399
16410 16409
16420 16419
16430 16429
16440 16439
16450 16449
16460 16459
16470 16469
16480 16479
16490 16489
16500 16499
16510 16509
16520 16519
16530 16529
16540 16539
16550 16549
16560 16559
16570 16569
16580 16579
16590 16589
16600 16599
16610 16609
16620 16619
16630 16629
16640 16639
16650 16649
16660 16659
16670 16669
16680 16679
16690 16689
16700 16699
16710 16709
16720 16719
16730 16729
16740 16739
16750 16749
16760 16759
16770 16769
16780 16779
16790 16789
16800 16799
16810 16809
16820 16819
16830 16829
16840 16839
16850 16849
16860 16859
16870 16869
16880 16879
16890 16889
16900 16899
16910 16909
16920 16919
16930 16929
16940 16939
16950 16949
16960 16959
16970 16969
16980 16979
16990 16989
17000 16999
17010 17009
17020 17019
17030 17029
17040 17039
17050 17049
17060 17059
17070 17069
17080 17079
17090 17089
17100 17099
17110 17109
17120 17119
17130 17129
17140 17139
17150 17149
17160 17159
17170 17169
17180 17179
17190 17189
17200 17199
17210 17209
17220 17219
17230 17229
17240 17239
17250 17249
17260 17259
17270 17269
17280 17279
17290 17289
17300 17299
17310 17309
17320 17319
17330 17329
17340 17339
17350 17349
17360 17359
17370 17369
17380 17379
17390 17389
17400 17399
17410 17409
17420 17419
17430 17429
17440 17439
17450 17449
17460 17459
17470 17469
17480 17479
17490 17489
17500 17499
17510 17509
17520 17519
17530 17529
17540 17539
17550 17549
17560 17559
17570 17569
17580 17579
17590 17589
17600 17599
17610 17609
17620 17619
17630 17629
17640 17639
17650 17649
17660 17659
17670 17669
17680 17679
17690 17689
17700 17699
17710 17709
17720 17719
17730 17729
17740 17739
17750 17749
17760 17759
17770 17769
17780 17779
17790 17789
17800 17799
17810 17809
17820 17819
17830 17829
17840 17839
17850 17849
17860 17859
17870 17869
17880 17879
17890 17889
17900 17899
17910 17909
17920 17919
17930 17929
17940 17939
17950 17949
17960 17959
17970 17969
17980 17979
17990 17989
18000 17999
18010 18009
18020 18019
18030 18029
18040 18039
18050 18049
18060 18059
18070 18069
18080 18079
18090 18089
18100 18099
18110 18109
18120 18119
18130 18129
18140 18139
18150 18149
18160 18159
18170 18169
18180 18179
18190 18189
18200 18199
18210 18209
18220 18219
18230 18229
18240 18239
18250 18249
18260 18259
18270 18269
18280 18279
18290 18289
18300 18299
18310 18309
18320 18319
18330 18329
18340 18339
18350 18349
18360 18359
18370 18369
18380 18379
18390 18389
18400 18399
18410 18409
18420 18419
18430 18429
18440 18439
18450 18449
18460 18459
18470 18469
18480 18479
18490 18489
18500 18499
18510 18509
18520 18519
18530 18529
18540 18539
18550 18549
18560 18559
18570 18569
18580 18579
18590 18589
18600 18599
18610 18609
18620 18619
18630 18629
18640 18639
18650 18649
18660 18659
18670 18669
18680 18679
18690 18689
18700 18699
18710 18709
18720 18719
18730 18729
18740 18739
18750 18749
18760 18759
18770 18769
18780 18779
18790 18789
18800 18799
18810 18809
18820 18819
18830 18829
18840 18839
18850 18849
18860 18859
18870 18869
18880 18879
18890 18889
18900 18899
18910 18909
18920 18919
18930 18929
18940 18939
18950 18949
18960 18959
18970 18969
18980 18979
18990 18989
19000 18999
19010 19009
19020 19019
19030 19029
19040 19039
19050 19049
19060 19059
19070 19069
19080 19079
19090 19089
19100 19099
19110 19109
19120 19119
19130 19129
19140 19139
19150 19149
19160 19159
19170 19169
19180 19179
19190 19189
19200 19199
19210 19209
19220 19219
19230 19229
19240 19239
19250 19249
19260 19259
19270 19269
19280 19279
19290 19289
19300 19299
19310 19309
19320 19319
19330 19329
19340 19339
19350 19349
19360 19359
19370 19369
19380 19379
19390 19389
19400 19399
19410 19409
19420 19419
19430 19429
19440 19439
19450 19449
19460 19459
19470 19469
19480 19479
19490 19489
19500 19499
19510 19509
19520 19519
19530 19529
19540 19539
19550 19549
19560 19559
19570 19569
19580 19579
19590 19589
19600 19599
19610 19609
19620 19619
19630 19629
19640 19639
19650 19649
19660 19659
19670 19669
19680 19679
19690 19689
19700 19699
19710 19709
19720 19719
19730 19729
19740 19739
19750 19749
19760 19759
19770 19769
19780 19779
19790 19789
19800 19799
19810 19809
19820 19819
19830 19829
19840 19839
19850 19849
19860 19859
19870 19869
19880 19879
19890 19889
19900 19899
19910 19909
19920 19919
19930 19929
19940 19939
19950 19949
19960 19959
19970 19969
19980 19979
19990 19989
20000 19999
20010 20009
20020 20019
20030 20029
20040 20039
20050 20049
20060 20059
20070 20069
20080 20079
20090 20089
20100 20099
20110 20109
20120 20119
20130 20129
20140 20139
20150 20149
20160 20159
20170 20169
20180 20179
20190 20189
20200 20199
20210 20209
20220 20219
20230 20229
20240 20239
20250 20249
20260 20259
20270 20269
20280 20279
20290 20289
20300 20299
20310 20309
20320 20319
20330 20329
20340 20339
20350 20349
20360 20359
20370 20369
20380 20379
20390 20389
20400 20399
20410 20409
20420 20419
20430 20429
20440 20439
20450 20449
20460 20459
20470 20469
20480 20479
20490 20489
20500 20499
20510 20509
20520 20519
20530 20529
20540 20539
20550 20549
20560 20559
20570 20569
20580 20579
20590 20589
20600 20599
20610 20609
20620 20619
20630 20629
20640 20639
20650 20649
20660 20659
20670 20669
20680 20679
20690 20689
20700 20699
20710 20709
20720 20719
20730 20729
20740 20739
20750 20749
20760 20759
20770 20769
20780 20779
20790 20789
20800 20799
20810 20809
20820 20819
20830 20829
20840 20839
20850 20849
20860 20859
20870 20869
20880 20879
20890 20889
20900 20899
20910 20909
20920 20919
20930 20929
20940 20939
20950 20949
20960 20959
20970 20969
20980 20979
20990 20989
21000 20999
21010 21009
21020 21019
21030 21029
21040 21039
21050 21049
21060 21059
21070 21069
21080 21079
21090 21089
21100 21099
21110 21109
21120 21119
21130 21129
21140 21139
21150 21149
21160 21159
21170 21169
21180 21179
21190 21189
21200 21199
21210 21209
21220 21219
21230 21229
21240 21239
21250 21249
21260 21259
21270 21269
21280 21279
21290 21289
21300 21299
21310 21309
21320 21319
21330 21329
21340 21339
21350 21349
21360 21359
21370 21369
21380 21379
21390 21389
21400 21399
21410 21409
21420 21419
21430 21429
21440 21439
21450 21449
21460 21459
21470 21469
21480 21479
21490 21489
21500 21499
21510 21509
21520 21519
21530 21529
21540 21539
21550 21549
21560 21559
21570 21569
21580 21579
21590 21589
21600 21599
21610 21609
21620 21619
21630 21629
21640 21639
21650 21649
21660 21659
21670 21669
21680 21679
21690 21689
21700 21699
21710 21709
21720 21719
21730 21729
21740 21739
21750 21749
21760 21759
21770 21769
21780 21779
21790 21789
21800 21799
21810 21809
21820 21819
21830 21829
21840 21839
21850 21849
21860 21859
21870 21869
21880 21879
21890 21889
21900 21899
21910 21909
21920 21919
21930 21929
21940 21939
21950 21949
21960 21959
21970 21969
21980 21979
21990 21989
22000 21999
22010 22009
22020 22019
22030 22029
22040 22039
22050 22049
22060 22059
22070 22069
22080 22079
22090 22089
22100 22099
22110 22109
22120 22119
22130 22129
22140 22139
22150 22149
22160 22159
22170 22169
22180 22179
22190 22189
22200 22199
22210 22209
22220 22219
22230 22229
22240 22239
22250 22249
22260 22259
22270 22269
22280 22279
22290 22289
22300 22299
22310 22309
22320 22319
22330 22329
22340 22339
22350 22349
22360 22359
22370 22369
22380 22379
22390 22389
22400 22399
22410 22409
22420 22419
22430 22429
22440 22439
22450 22449
22460 22459
22470 22469
22480 22479
22490 22489
22500 22499
22510 22509
22520 22519
22530 22529
22540 22539
22550 22549
22560 22559
22570 22569
22580 22579
22590 22589
22600 22599
22610 22609
22620 22619
22630 22629
22640 22639
22650 22649
22660 22659
22670 22669
22680 22679
22690 22689
22700 22699
22710 22709
22720 22719
22730 22729
22740 22739
22750 22749
22760 22759
22770 22769
22780 22779
22790 22789
22800 22799
22810 22809
22820 22819
22830 22829
22840 22839
22850 22849
22860 22859
22870 22869
22880 22879
22890 22889
22900 22899
22910 22909
22920 22919
22930 22929
22940 22939
22950 22949
22960 22959
22970 22969
22980 22979
22990 22989
23000 22999
23010 23009
23020 23019
23030 23029
23040 23039
23050 23049
23060 23059
23070 23069
23080 23079
23090 23089
23100 23099
23110 23109
23120 23119
23130 23129
23140 23139
23150 23149
23160 23159
23170 23169
23180 23179
23190 23189
23200 23199
23210 23209
23220 23219
23230 23229
23240 23239
23250 23249
23260 23259
23270 23269
23280 23279
23290 23289
23300 23299
23310 23309
23320 23319
23330 23329
23340 23339
23350 23349
23360 23359
23370 23369
23380 23379
23390 23389
23400 23399
23410 23409
23420 23419
23430 23429
23440 23439
23450 23449
23460 23459
23470 23469
23480 23479
23490 23489
23500 23499
23510 23509
23520 23519
23530 23529
23540 23539
23550 23549
23560 23559
23570 23569
23580 23579
23590 23589
23600 23599
23610 23609
23620 23619
23630 23629
23640 23639
23650 23649
23660 23659
23670 23669
23680 23679
23690 23689
23700 23699
23710 23709
23720 23719
23730 23729
23740 23739
23750 23749
23760 23759
23770 23769
23780 23779
23790 23789
23800 23799
23810 23809
23820 23819
23830 23829
23840 23839
23850 23849
23860 23859
23870 23869
23880 23879
23890 23889
23900 23899
23910 23909
23920 23919
23930 23929
23940 23939
23950 23949
23960 23959
23970 23969
23980 23979
23990 23989
24000 23999
24010 24009
24020 24019
24030 24029
24040 24039
24050 24049
24060 24059
24070 24069
24080 24079
24090 24089
24100 24099
24110 24109
24120 24119
24130 24129
24140 24139
24150 24149
24160 24159
24170 24169
24180 24179
24190 24189
24200 24199
24210 24209
24220 24219
24230 24229
24240 24239
24250 24249
24260 24259
24270 24269
24280 24279
24290 24289
24300 24299
24310 24309
24320 24319
24330 24329
24340 24339
24350 24349
24360 24359
24370 24369
24380 24379
24390 24389
24400 24399
24410 24409
24420 24419
24430 24429
24440 24439
24450 24449
24460 24459
24470 24469
24480 24479
24490 24489
24500 24499
24510 24509
24520 24519
24530 24529
24540 24539
24550 24549
24560 24559
24570 24569
24580 24579
24590 24589
24600 24599
24610 24609
24620 24619
24630 24629
24640 24639
24650 24649
24660 24659
24670 24669
24680 24679
24690 24689
24700 24699
24710 24709
24720 24719
24730 24729
24740 24739
24750 24749
24760 24759
24770 24769
24780 24779
24790 24789
24800 24799
24810 24809
24820 24819
24830 24829
24840 24839
24850 24849
24860 24859
24870 24869
24880 24879
24890 24889
24900 24899
24910 24909
24920 24919
24930 24929
24940 24939
24950 24949
24960 24959
24970 24969
24980 24979
24990 24989
25000 24999
25010 25009
25020 25019
25030 25029
25040 25039
25050 25049
25060 25059
25070 25069
25080 25079
25090 25089
25100 25099
25110 25109
25120 25119
25130 25129
25140 25139
25150 25149
25160 25159
25170 25169
25180 25179
25190 25189
25200 25199
25210 25209
25220 25219
25230 25229
25240 25239
25250 25249
25260 25259
25270 25269
25280 25279
25290 25289
25300 25299
25310 25309
25320 25319
25330 25329
25340 25339
25350 25349
25360 25359
25370 25369
25380 25379
25390 25389
25400 25399
25410 25409
25420 25419
25430 25429
25440 25439
25450 25449
25460 25459
25470 25469
25480 25479
25490 25489
25500 25499
25510 25509
25520 25519
25530 25529
25540 25539
25550 25549
25560 25559
25570 25569
25580 25579
25590 25589
25600 25599
25610 25609
25620 25619
25630 25629
25640 25639
25650 25649
25660 25659
25670 25669
25680 25679
25690 25689
25700 25699
25710 25709
25720 25719
25730 25729
25740 25739
25750 25749
25760 25759
25770 25769
25780 25779
25790 25789
25800 25799
25810 25809
25820 25819
25830 25829
25840 25839
25850 25849
25860 25859
25870 25869
25880 25879
25890 25889
25900 25899
25910 25909
25920 25919
25930 25929
25940 25939
25950 25949
25960 25959
25970 25969
25980 25979
25990 25989
26000 25999
26010 26009
26020 26019
26030 26029
26040 26039
26050 26049
26060 26059
26070 26069
26080 26079
26090 26089
26100 26099
26110 26109
26120 26119
26130 26129
26140 26139
26150 26149
26160 26159
26170 26169
26180 26179
26190 26189
26200 26199
26210 26209
26220 26219
26230 26229
26240 26239
26250 26249
26260 26259
26270 26269
26280 26279
26290 26289
26300 26299
26310 26309
26320 26319
26330 26329
26340 26339
26350 26349
26360 26359
26370 26369
26380 26379
26390 26389
26400 26399
26410 26409
26420 26419
26430 26429
26440 26439
26450 26449
26460 26459
26470 26469
26480 26479
26490 26489
26500 26499
26510 26509
26520 26519
26530 26529
26540 26539
26550 26549
26560 26559
26570 26569
26580 26579
26590 26589
26600 26599
26610 26609
26620 26619
26630 26629
26640 26639
26650 26649
26660 26659
26670 26669
26680 26679
26690 26689
26700 26699
26710 26709
26720 26719
26730 26729
26740 26739
26750 26749
26760 26759
26770 26769
26780 26779
26790 26789
26800 26799
26810 26809
26820 26819
26830 26829
26840 26839
26850 26849
26860 26859
26870 26869
26880 26879
26890 26889
26900 26899
26910 26909
26920 26919
26930 26929
26940 26939
26950 26949
26960 26959
26970 26969
26980 26979
26990 26989
27000 26999
27010 27009
27020 27019
27030 27029
27040 27039
27050 27049
27060 27059
27070 27069
27080 27079
27090 27089
27100 27099
27110 27109
27120 27119
27130 27129
27140 27139
27150 27149
27160 27159
27170 27169
27180 27179
27190 27189
27200 27199
27210 27209
27220 27219
27230 27229
27240 27239
27250 27249
27260 27259
27270 27269
27280 27279
27290 27289
27300 27299
27310 27309
27320 27319
27330 27329
27340 27339
27350 27349
27360 27359
27370 27369
27380 27379
27390 27389
27400 27399
27410 27409
27420 27419
27430 27429
27440 27439
27450 27449
27460 27459
27470 27469
27480 27479
27490 27489
27500 27499
27510 27509
27520 27519
27530 27529
27540 27539
27550 27549
27560 27559
27570 27569
27580 27579
27590 27589
27600 27599
27610 27609
27620 27619
27630 27629
27640 27639
27650 27649
27660 27659
27670 27669
27680 27679
27690 27689
27700 27699
27710 27709
27720 27719
27730 27729
27740 27739
27750 27749
27760 27759
27770 27769
27780 27779
27790 27789
27800 27799
27810 27809
27820 27819
27830 27829
27840 27839
27850 27849
27860 27859
27870 27869
27880 27879
27890 27889
27900 27899
27910 27909
27920 27919
27930 27929
27940 27939
27950 27949
27960 27959
27970 27969
27980 27979
27990 27989
28000 27999
28010 28009
28020 28019
28030 28029
28040 28039
28050 28049
28060 28059
28070 28069
28080 28079
28090 28089
28100 28099
28110 28109
28120 28119
28130 28129
28140 28139
28150 28149
28160 28159
28170 28169
28180 28179
28190 28189
28200 28199
28210 28209
28220 28219
28230 28229
28240 28239
28250 28249
28260 28259
28270 28269
28280 28279
28290 28289
28300 28299
28310 28309
28320 28319
28330 28329
28340 28339
28350 28349
28360 28359
28370 28369
28380 28379
28390 28389
28400 28399
28410 28409
28420 28419
28430 28429
28440 28439
28450 28449
28460 28459
28470 28469
28480 28479
28490 28489
28500 28499
28510 28509
28520 28519
28530 28529
28540 28539
28550 28549
28560 28559
28570 28569
28580 28579
28590 28589
28600 28599
28610 28609
28620 28619
28630 28629
28640 28639
28650 28649
28660 28659
28670 28669
28680 28679
28690 28689
28700 28699
28710 28709
28720 28719
28730 28729
28740 28739
28750 28749
28760 28759
28770 28769
28780 28779
28790 28789
28800 28799
28810 28809
28820 28819
28830 28829
28840 28839
28850 28849
28860 28859
28870 28869
28880 28879
28890 28889
28900 28899
28910 28909
28920 28919
28930 28929
28940 28939
28950 28949
28960 28959
28970 28969
28980 28979
28990 28989
29000 28999
29010 29009
29020 29019
29030 29029
29040 29039
29050 29049
29060 29059
29070 29069
29080 29079
29090 29089
29100 29099
29110 29109
29120 29119
29130 29129
29140 29139
29150 29149
29160 29159
29170 29169
29180 29179
29190 29189
29200 29199
29210 29209
29220 29219
29230 29229
29240 29239
29250 29249
29260 29259
29270 29269
29280 29279
29290 29289
29300 29299
29310 29309
29320 29319
29330 29329
29340 29339
29350 29349
29360 29359
29370 29369
29380 29379
29390 29389
29400 29399
29410 29409
29420 29419
29430 29429
29440 29439
29450 29449
29460 29459
29470 29469
29480 29479
29490 29489
29500 29499
29510 29509
29520 29519
29530 29529
29540 29539
29550 29549
29560 29559
29570 29569
29580 29579
29590 29589
29600 29599
29610 29609
29620 29619
29630 29629
29640 29639
29650 29649
29660 29659
29670 29669
29680 29679
29690 29689
29700 29699
29710 29709
29720 29719
29730 29729
29740 29739
29750 29749
29760 29759
29770 29769
29780 29779
29790 29789
29800 29799
29810 29809
29820 29819
29830 29829
29840 29839
29850 29849
29860 29859
29870 29869
29880 29879
29890 29889
29900 29899
29910 29909
29920 29919
29930 29929
29940 29939
29950 29949
29960 29959
29970 29969
29980 29979
29990 29989
30000 29999
