10 2
20 2
30 2
40 2
50 2
60 2
70 2
80 2
90 2
100 2
110 2
120 2
130 2
140 2
150 2
160 2
170 2
180 2
190 2
200 2
210 2
220 2
230 2
240 2
250 2
260 2
270 2
280 2
290 2
300 2
310 2
320 2
330 2
340 2
350 2
360 2
370 2
380 2
390 2
400 2
410 2
420 2
430 2
440 2
450 2
460 2
470 2
480 2
490 2
500 2
510 2
520 2
530 2
540 2
550 2
560 2
570 2
580 2
590 2
600 2
610 2
620 2
630 2
640 2
650 2
660 2
670 2
680 2
690 2
700 2
710 2
720 2
730 2
740 2
750 2
760 2
770 2
780 2
790 2
800 2
810 2
820 2
830 2
840 2
850 2
860 2
870 2
880 2
890 2
900 2
910 2
920 2
930 2
940 2
950 2
960 2
970 2
980 2
990 2
1000 2
1010 2
1020 2
1030 2
1040 2
1050 2
1060 2
1070 2
1080 2
1090 2
1100 2
1110 2
1120 2
1130 2
1140 2
1150 2
1160 2
1170 2
1180 2
1190 2
1200 2
1210 2
1220 2
1230 2
1240 2
1250 2
1260 2
1270 2
1280 2
1290 2
1300 2
1310 2
1320 2
1330 2
1340 2
1350 2
1360 2
1370 2
1380 2
1390 2
1400 2
1410 2
1420 2
1430 2
1440 2
1450 2
1460 2
1470 2
1480 2
1490 2
1500 2
1510 2
1520 2
1530 2
1540 2
1550 2
1560 2
1570 2
1580 2
1590 2
1600 2
1610 2
1620 2
1630 2
1640 2
1650 2
1660 2
1670 2
1680 2
1690 2
1700 2
1710 2
1720 2
1730 2
1740 2
1750 2
1760 2
1770 2
1780 2
1790 2
1800 2
1810 2
1820 2
1830 2
1840 2
1850 2
1860 2
1870 2
1880 2
1890 2
1900 2
1910 2
1920 2
1930 2
1940 2
1950 2
1960 2
1970 2
1980 2
1990 2
2000 2
2010 2
2020 2
2030 2
2040 2
2050 2
2060 2
2070 2
2080 2
2090 2
2100 2
2110 2
2120 2
2130 2
2140 2
2150 2
2160 2
2170 2
2180 2
2190 2
2200 2
2210 2
2220 2
2230 2
2240 2
2250 2
2260 2
2270 2
2280 2
2290 2
2300 2
2310 2
2320 2
2330 2
2340 2
2350 2
2360 2
2370 2
2380 2
2390 2
2400 2
2410 2
2420 2
2430 2
2440 2
2450 2
2460 2
2470 2
2480 2
2490 2
2500 2
2510 2
2520 2
2530 2
2540 2
2550 2
2560 2
2570 2
2580 2
2590 2
2600 2
2610 2
2620 2
2630 2
2640 2
2650 2
2660 2
2670 2
2680 2
2690 2
2700 2
2710 2
2720 2
2730 2
2740 2
2750 2
2760 2
2770 2
2780 2
2790 2
2800 2
2810 2
2820 2
2830 2
2840 2
2850 2
2860 2
2870 2
2880 2
2890 2
2900 2
2910 2
2920 2
2930 2
2940 2
2950 2
2960 2
2970 2
2980 2
2990 2
3000 2
3010 2
3020 2
3030 2
3040 2
3050 2
3060 2
3070 2
3080 2
3090 2
3100 2
3110 2
3120 2
3130 2
3140 2
3150 2
3160 2
3170 2
3180 2
3190 2
3200 2
3210 2
3220 2
3230 2
3240 2
3250 2
3260 2
3270 2
3280 2
3290 2
3300 2
3310 2
3320 2
3330 2
3340 2
3350 2
3360 2
3370 2
3380 2
3390 2
3400 2
3410 2
3420 2
3430 2
3440 2
3450 2
3460 2
3470 2
3480 2
3490 2
3500 2
3510 2
3520 2
3530 2
3540 2
3550 2
3560 2
3570 2
3580 2
3590 2
3600 2
3610 2
3620 2
3630 2
3640 2
3650 2
3660 2
3670 2
3680 2
3690 2
3700 2
3710 2
3720 2
3730 2
3740 2
3750 2
3760 2
3770 2
3780 2
3790 2
3800 2
3810 2
3820 2
3830 2
3840 2
3850 2
3860 2
3870 2
3880 2
3890 2
3900 2
3910 2
3920 2
3930 2
3940 2
3950 2
3960 2
3970 2
3980 2
3990 2
4000 2
4010 2
4020 2
4030 2
4040 2
4050 2
4060 2
4070 2
4080 2
4090 2
4100 2
4110 2
4120 2
4130 2
4140 2
4150 2
4160 2
4170 2
4180 2
4190 2
4200 2
4210 2
4220 2
4230 2
4240 2
4250 2
4260 2
4270 2
4280 2
4290 2
4300 2
4310 2
4320 2
4330 2
4340 2
4350 2
4360 2
4370 2
4380 2
4390 2
4400 2
4410 2
4420 2
4430 2
4440 2
4450 2
4460 2
4470 2
4480 2
4490 2
4500 2
4510 2
4520 2
4530 2
4540 2
4550 2
4560 2
4570 2
4580 2
4590 2
4600 2
4610 2
4620 2
4630 2
4640 2
4650 2
4660 2
4670 2
4680 2
4690 2
4700 2
4710 2
4720 2
4730 2
4740 2
4750 2
4760 2
4770 2
4780 2
4790 2
4800 2
4810 2
4820 2
4830 2
4840 2
4850 2
4860 2
4870 2
4880 2
4890 2
4900 2
4910 2
4920 2
4930 2
4940 2
4950 2
4960 2
4970 2
4980 2
4990 2
5000 2
5010 2
5020 2
5030 2
5040 2
5050 2
5060 2
5070 2
5080 2
5090 2
5100 2
5110 2
5120 2
5130 2
5140 2
5150 2
5160 2
5170 2
5180 2
5190 2
5200 2
5210 2
5220 2
5230 2
5240 2
5250 2
5260 2
5270 2
5280 2
5290 2
5300 2
5310 2
5320 2
5330 2
5340 2
5350 2
5360 2
5370 2
5380 2
5390 2
5400 2
5410 2
5420 2
5430 2
5440 2
5450 2
5460 2
5470 2
5480 2
5490 2
5500 2
5510 2
5520 2
5530 2
5540 2
5550 2
5560 2
5570 2
5580 2
5590 2
5600 2
5610 2
5620 2
5630 2
5640 2
5650 2
5660 2
5670 2
5680 2
5690 2
5700 2
5710 2
5720 2
5730 2
5740 2
5750 2
5760 2
5770 2
5780 2
5790 2
5800 2
5810 2
5820 2
5830 2
5840 2
5850 2
5860 2
5870 2
5880 2
5890 2
5900 2
5910 2
5920 2
5930 2
5940 2
5950 2
5960 2
5970 2
5980 2
5990 2
6000 2
6010 2
6020 2
6030 2
6040 2
6050 2
6060 2
6070 2
6080 2
6090 2
6100 2
6110 2
6120 2
6130 2
6140 2
6150 2
6160 2
6170 2
6180 2
6190 2
6200 2
6210 2
6220 2
6230 2
6240 2
6250 2
6260 2
6270 2
6280 2
6290 2
6300 2
6310 2
6320 2
6330 2
6340 2
6350 2
6360 2
6370 2
6380 2
6390 2
6400 2
6410 2
6420 2
6430 2
6440 2
6450 2
6460 2
6470 2
6480 2
6490 2
6500 2
6510 2
6520 2
6530 2
6540 2
6550 2
6560 2
6570 2
6580 2
6590 2
6600 2
6610 2
6620 2
6630 2
6640 2
6650 2
6660 2
6670 2
6680 2
6690 2
6700 2
6710 2
6720 2
6730 2
6740 2
6750 2
6760 2
6770 2
6780 2
6790 2
6800 2
6810 2
6820 2
6830 2
6840 2
6850 2
6860 2
6870 2
6880 2
6890 2
6900 2
6910 2
6920 2
6930 2
6940 2
6950 2
6960 2
6970 2
6980 2
6990 2
7000 2
7010 2
7020 2
7030 2
7040 2
7050 2
7060 2
7070 2
7080 2
7090 2
7100 2
7110 2
7120 2
7130 2
7140 2
7150 2
7160 2
7170 2
7180 2
7190 2
7200 2
7210 2
7220 2
7230 2
7240 2
7250 2
7260 2
7270 2
7280 2
7290 2
7300 2
7310 2
7320 2
7330 2
7340 2
7350 2
7360 2
7370 2
7380 2
7390 2
7400 2
7410 2
7420 2
7430 2
7440 2
7450 2
7460 2
7470 2
7480 2
7490 2
7500 2
7510 2
7520 2
7530 2
7540 2
7550 2
7560 2
7570 2
7580 2
7590 2
7600 2
7610 2
7620 2
7630 2
7640 2
7650 2
7660 2
7670 2
7680 2
7690 2
7700 2
7710 2
7720 2
7730 2
7740 2
7750 2
7760 2
7770 2
7780 2
7790 2
7800 2
7810 2
7820 2
7830 2
7840 2
7850 2
7860 2
7870 2
7880 2
7890 2
7900 2
7910 2
7920 2
7930 2
7940 2
7950 2
7960 2
7970 2
7980 2
7990 2
8000 2
8010 2
8020 2
8030 2
8040 2
8050 2
8060 2
8070 2
8080 2
8090 2
8100 2
8110 2
8120 2
8130 2
8140 2
8150 2
8160 2
8170 2
8180 2
8190 2
8200 2
8210 2
8220 2
8230 2
8240 2
8250 2
8260 2
8270 2
8280 2
8290 2
8300 2
8310 2
8320 2
8330 2
8340 2
8350 2
8360 2
8370 2
8380 2
8390 2
8400 2
8410 2
8420 2
8430 2
8440 2
8450 2
8460 2
8470 2
8480 2
8490 2
8500 2
8510 2
8520 2
8530 2
8540 2
8550 2
8560 2
8570 2
8580 2
8590 2
8600 2
8610 2
8620 2
8630 2
8640 2
8650 2
8660 2
8670 2
8680 2
8690 2
8700 2
8710 2
8720 2
8730 2
8740 2
8750 2
8760 2
8770 2
8780 2
8790 2
8800 2
8810 2
8820 2
8830 2
8840 2
8850 2
8860 2
8870 2
8880 2
8890 2
8900 2
8910 2
8920 2
8930 2
8940 2
8950 2
8960 2
8970 2
8980 2
8990 2
9000 2
9010 2
9020 2
9030 2
9040 2
9050 2
9060 2
9070 2
9080 2
9090 2
9100 2
9110 2
9120 2
9130 2
9140 2
9150 2
9160 2
9170 2
9180 2
9190 2
9200 2
9210 2
9220 2
9230 2
9240 2
9250 2
9260 2
9270 2
9280 2
9290 2
9300 2
9310 2
9320 2
9330 2
9340 2
9350 2
9360 2
9370 2
9380 2
9390 2
9400 2
9410 2
9420 2
9430 2
9440 2
9450 2
9460 2
9470 2
9480 2
9490 2
9500 2
9510 2
9520 2
9530 2
9540 2
9550 2
9560 2
9570 2
9580 2
9590 2
9600 2
9610 2
9620 2
9630 2
9640 2
9650 2
9660 2
9670 2
9680 2
9690 2
9700 2
9710 2
9720 2
9730 2
9740 2
9750 2
9760 2
9770 2
9780 2
9790 2
9800 2
9810 2
9820 2
9830 2
9840 2
9850 2
9860 2
9870 2
9880 2
9890 2
9900 2
9910 2
9920 2
9930 2
9940 2
9950 2
9960 2
9970 2
9980 2
9990 2
10000 2
10010 2
10020 2
10030 2
10040 2
10050 2
10060 2
10070 2
10080 2
10090 2
10100 2
10110 2
10120 2
10130 2
10140 2
10150 2
10160 2
10170 2
10180 2
10190 2
10200 2
10210 2
10220 2
10230 2
10240 2
10250 2
10260 2
10270 2
10280 2
10290 2
10300 2
10310 2
10320 2
10330 2
10340 2
10350 2
10360 2
10370 2
10380 2
10390 2
10400 2
10410 2
10420 2
10430 2
10440 2
10450 2
10460 2
10470 2
10480 2
10490 2
10500 2
10510 2
10520 2
10530 2
10540 2
10550 2
10560 2
10570 2
10580 2
10590 2
10600 2
10610 2
10620 2
10630 2
10640 2
10650 2
10660 2
10670 2
10680 2
10690 2
10700 2
10710 2
10720 2
10730 2
10740 2
10750 2
10760 2
10770 2
10780 2
10790 2
10800 2
10810 2
10820 2
10830 2
10840 2
10850 2
10860 2
10870 2
10880 2
10890 2
10900 2
10910 2
10920 2
10930 2
10940 2
10950 2
10960 2
10970 2
10980 2
10990 2
11000 2
11010 2
11020 2
11030 2
11040 2
11050 2
11060 2
11070 2
11080 2
11090 2
11100 2
11110 2
11120 2
11130 2
11140 2
11150 2
11160 2
11170 2
11180 2
11190 2
11200 2
11210 2
11220 2
11230 2
11240 2
11250 2
11260 2
11270 2
11280 2
11290 2
11300 2
11310 2
11320 2
11330 2
11340 2
11350 2
11360 2
11370 2
11380 2
11390 2
11400 2
11410 2
11420 2
11430 2
11440 2
11450 2
11460 2
11470 2
11480 2
11490 2
11500 2
11510 2
11520 2
11530 2
11540 2
11550 2
11560 2
11570 2
11580 2
11590 2
11600 2
11610 2
11620 2
11630 2
11640 2
11650 2
11660 2
11670 2
11680 2
11690 2
11700 2
11710 2
11720 2
11730 2
11740 2
11750 2
11760 2
11770 2
11780 2
11790 2
11800 2
11810 2
11820 2
11830 2
11840 2
11850 2
11860 2
11870 2
11880 2
11890 2
11900 2
11910 2
11920 2
11930 2
11940 2
11950 2
11960 2
11970 2
11980 2
11990 2
12000 2
12010 2
12020 2
12030 2
12040 2
12050 2
12060 2
12070 2
12080 2
12090 2
12100 2
12110 2
12120 2
12130 2
12140 2
12150 2
12160 2
12170 2
12180 2
12190 2
12200 2
12210 2
12220 2
12230 2
12240 2
12250 2
12260 2
12270 2
12280 2
12290 2
12300 2
12310 2
12320 2
12330 2
12340 2
12350 2
12360 2
12370 2
12380 2
12390 2
12400 2
12410 2
12420 2
12430 2
12440 2
12450 2
12460 2
12470 2
12480 2
12490 2
12500 2
12510 2
12520 2
12530 2
12540 2
12550 2
12560 2
12570 2
12580 2
12590 2
12600 2
12610 2
12620 2
12630 2
12640 2
12650 2
12660 2
12670 2
12680 2
12690 2
12700 2
12710 2
12720 2
12730 2
12740 2
12750 2
12760 2
12770 2
12780 2
12790 2
12800 2
12810 2
12820 2
12830 2
12840 2
12850 2
12860 2
12870 2
12880 2
12890 2
12900 2
12910 2
12920 2
12930 2
12940 2
12950 2
12960 2
12970 2
12980 2
12990 2
13000 2
13010 2
13020 2
13030 2
13040 2
13050 2
13060 2
13070 2
13080 2
13090 2
13100 2
13110 2
13120 2
13130 2
13140 2
13150 2
13160 2
13170 2
13180 2
13190 2
13200 2
13210 2
13220 2
13230 2
13240 2
13250 2
13260 2
13270 2
13280 2
13290 2
13300 2
13310 2
13320 2
13330 2
13340 2
13350 2
13360 2
13370 2
13380 2
13390 2
13400 2
13410 2
13420 2
13430 2
13440 2
13450 2
13460 2
13470 2
13480 2
13490 2
13500 2
13510 2
13520 2
13530 2
13540 2
13550 2
13560 2
13570 2
13580 2
13590 2
13600 2
13610 2
13620 2
13630 2
13640 2
13650 2
13660 2
13670 2
13680 2
13690 2
13700 2
13710 2
13720 2
13730 2
13740 2
13750 2
13760 2
13770 2
13780 2
13790 2
13800 2
13810 2
13820 2
13830 2
13840 2
13850 2
13860 2
13870 2
13880 2
13890 2
13900 2
13910 2
13920 2
13930 2
13940 2
13950 2
13960 2
13970 2
13980 2
13990 2
14000 2
14010 2
14020 2
14030 2
14040 2
14050 2
14060 2
14070 2
14080 2
14090 2
14100 2
14110 2
14120 2
14130 2
14140 2
14150 2
14160 2
14170 2
14180 2
14190 2
14200 2
14210 2
14220 2
14230 2
14240 2
14250 2
14260 2
14270 2
14280 2
14290 2
14300 2
14310 2
14320 2
14330 2
14340 2
14350 2
14360 2
14370 2
14380 2
14390 2
14400 2
14410 2
14420 2
14430 2
14440 2
14450 2
14460 2
14470 2
14480 2
14490 2
14500 2
14510 2
14520 2
14530 2
14540 2
14550 2
14560 2
14570 2
14580 2
14590 2
14600 2
14610 2
14620 2
14630 2
14640 2
14650 2
14660 2
14670 2
14680 2
14690 2
14700 2
14710 2
14720 2
14730 2
14740 2
14750 2
14760 2
14770 2
14780 2
14790 2
14800 2
14810 2
14820 2
14830 2
14840 2
14850 2
14860 2
14870 2
14880 2
14890 2
14900 2
14910 2
14920 2
14930 2
14940 2
14950 2
14960 2
14970 2
14980 2
14990 2
15000 2
15010 2
15020 2
15030 2
15040 2
15050 2
15060 2
15070 2
15080 2
15090 2
15100 2
15110 2
15120 2
15130 2
15140 2
15150 2
15160 2
15170 2
15180 2
15190 2
15200 2
15210 2
15220 2
15230 2
15240 2
15250 2
15260 2
15270 2
15280 2
15290 2
15300 2
15310 2
15320 2
15330 2
15340 2
15350 2
15360 2
15370 2
15380 2
15390 2
15400 2
15410 2
15420 2
15430 2
15440 2
15450 2
15460 2
15470 2
15480 2
15490 2
15500 2
15510 2
15520 2
15530 2
15540 2
15550 2
15560 2
15570 2
15580 2
15590 2
15600 2
15610 2
15620 2
15630 2
15640 2
15650 2
15660 2
15670 2
15680 2
15690 2
15700 2
15710 2
15720 2
15730 2
15740 2
15750 2
15760 2
15770 2
15780 2
15790 2
15800 2
15810 2
15820 2
15830 2
15840 2
15850 2
15860 2
15870 2
15880 2
15890 2
15900 2
15910 2
15920 2
15930 2
15940 2
15950 2
15960 2
15970 2
15980 2
15990 2
16000 2
16010 2
16020 2
16030 2
16040 2
16050 2
16060 2
16070 2
16080 2
16090 2
16100 2
16110 2
16120 2
16130 2
16140 2
16150 2
16160 2
16170 2
16180 2
16190 2
16200 2
16210 2
16220 2
16230 2
16240 2
16250 2
16260 2
16270 2
16280 2
16290 2
16300 2
16310 2
16320 2
16330 2
16340 2
16350 2
16360 2
16370 2
16380 2
16390 2
16400 2
16410 2
16420 2
16430 2
16440 2
16450 2
16460 2
16470 2
16480 2
16490 2
16500 2
16510 2
16520 2
16530 2
16540 2
16550 2
16560 2
16570 2
16580 2
16590 2
16600 2
16610 2
16620 2
16630 2
16640 2
16650 2
16660 2
16670 2
16680 2
16690 2
16700 2
16710 2
16720 2
16730 2
16740 2
16750 2
16760 2
16770 2
16780 2
16790 2
16800 2
16810 2
16820 2
16830 2
16840 2
16850 2
16860 2
16870 2
16880 2
16890 2
16900 2
16910 2
16920 2
16930 2
16940 2
16950 2
16960 2
16970 2
16980 2
16990 2
17000 2
17010 2
17020 2
17030 2
17040 2
17050 2
17060 2
17070 2
17080 2
17090 2
17100 2
17110 2
17120 2
17130 2
17140 2
17150 2
17160 2
17170 2
17180 2
17190 2
17200 2
17210 2
17220 2
17230 2
17240 2
17250 2
17260 2
17270 2
17280 2
17290 2
17300 2
17310 2
17320 2
17330 2
17340 2
17350 2
17360 2
17370 2
17380 2
17390 2
17400 2
17410 2
17420 2
17430 2
17440 2
17450 2
17460 2
17470 2
17480 2
17490 2
17500 2
17510 2
17520 2
17530 2
17540 2
17550 2
17560 2
17570 2
17580 2
17590 2
17600 2
17610 2
17620 2
17630 2
17640 2
17650 2
17660 2
17670 2
17680 2
17690 2
17700 2
17710 2
17720 2
17730 2
17740 2
17750 2
17760 2
17770 2
17780 2
17790 2
17800 2
17810 2
17820 2
17830 2
17840 2
17850 2
17860 2
17870 2
17880 2
17890 2
17900 2
17910 2
17920 2
17930 2
17940 2
17950 2
17960 2
17970 2
17980 2
17990 2
18000 2
18010 2
18020 2
18030 2
18040 2
18050 2
18060 2
18070 2
18080 2
18090 2
18100 2
18110 2
18120 2
18130 2
18140 2
18150 2
18160 2
18170 2
18180 2
18190 2
18200 2
18210 2
18220 2
18230 2
18240 2
18250 2
18260 2
18270 2
18280 2
18290 2
18300 2
18310 2
18320 2
18330 2
18340 2
18350 2
18360 2
18370 2
18380 2
18390 2
18400 2
18410 2
18420 2
18430 2
18440 2
18450 2
18460 2
18470 2
18480 2
18490 2
18500 2
18510 2
18520 2
18530 2
18540 2
18550 2
18560 2
18570 2
18580 2
18590 2
18600 2
18610 2
18620 2
18630 2
18640 2
18650 2
18660 2
18670 2
18680 2
18690 2
18700 2
18710 2
18720 2
18730 2
18740 2
18750 2
18760 2
18770 2
18780 2
18790 2
18800 2
18810 2
18820 2
18830 2
18840 2
18850 2
18860 2
18870 2
18880 2
18890 2
18900 2
18910 2
18920 2
18930 2
18940 2
18950 2
18960 2
18970 2
18980 2
18990 2
19000 2
19010 2
19020 2
19030 2
19040 2
19050 2
19060 2
19070 2
19080 2
19090 2
19100 2
19110 2
19120 2
19130 2
19140 2
19150 2
19160 2
19170 2
19180 2
19190 2
19200 2
19210 2
19220 2
19230 2
19240 2
19250 2
19260 2
19270 2
19280 2
19290 2
19300 2
19310 2
19320 2
19330 2
19340 2
19350 2
19360 2
19370 2
19380 2
19390 2
19400 2
19410 2
19420 2
19430 2
19440 2
19450 2
19460 2
19470 2
19480 2
19490 2
19500 2
19510 2
19520 2
19530 2
19540 2
19550 2
19560 2
19570 2
19580 2
19590 2
19600 2
19610 2
19620 2
19630 2
19640 2
19650 2
19660 2
19670 2
19680 2
19690 2
19700 2
19710 2
19720 2
19730 2
19740 2
19750 2
19760 2
19770 2
19780 2
19790 2
19800 2
19810 2
19820 2
19830 2
19840 2
19850 2
19860 2
19870 2
19880 2
19890 2
19900 2
19910 2
19920 2
19930 2
19940 2
19950 2
19960 2
19970 2
19980 2
19990 2
20000 2
20010 2
20020 2
20030 2
20040 2
20050 2
20060 2
20070 2
20080 2
20090 2
20100 2
20110 2
20120 2
20130 2
20140 2
20150 2
20160 2
20170 2
20180 2
20190 2
20200 2
20210 2
20220 2
20230 2
20240 2
20250 2
20260 2
20270 2
20280 2
20290 2
20300 2
20310 2
20320 2
20330 2
20340 2
20350 2
20360 2
20370 2
20380 2
20390 2
20400 2
20410 2
20420 2
20430 2
20440 2
20450 2
20460 2
20470 2
20480 2
20490 2
20500 2
20510 2
20520 2
20530 2
20540 2
20550 2
20560 2
20570 2
20580 2
20590 2
20600 2
20610 2
20620 2
20630 2
20640 2
20650 2
20660 2
20670 2
20680 2
20690 2
20700 2
20710 2
20720 2
20730 2
20740 2
20750 2
20760 2
20770 2
20780 2
20790 2
20800 2
20810 2
20820 2
20830 2
20840 2
20850 2
20860 2
20870 2
20880 2
20890 2
20900 2
20910 2
20920 2
20930 2
20940 2
20950 2
20960 2
20970 2
20980 2
20990 2
21000 2
21010 2
21020 2
21030 2
21040 2
21050 2
21060 2
21070 2
21080 2
21090 2
21100 2
21110 2
21120 2
21130 2
21140 2
21150 2
21160 2
21170 2
21180 2
21190 2
21200 2
21210 2
21220 2
21230 2
21240 2
21250 2
21260 2
21270 2
21280 2
21290 2
21300 2
21310 2
21320 2
21330 2
21340 2
21350 2
21360 2
21370 2
21380 2
21390 2
21400 2
21410 2
21420 2
21430 2
21440 2
21450 2
21460 2
21470 2
21480 2
21490 2
21500 2
21510 2
21520 2
21530 2
21540 2
21550 2
21560 2
21570 2
21580 2
21590 2
21600 2
21610 2
21620 2
21630 2
21640 2
21650 2
21660 2
21670 2
21680 2
21690 2
21700 2
21710 2
21720 2
21730 2
21740 2
21750 2
21760 2
21770 2
21780 2
21790 2
21800 2
21810 2
21820 2
21830 2
21840 2
21850 2
21860 2
21870 2
21880 2
21890 2
21900 2
21910 2
21920 2
21930 2
21940 2
21950 2
21960 2
21970 2
21980 2
21990 2
22000 2
22010 2
22020 2
22030 2
22040 2
22050 2
22060 2
22070 2
22080 2
22090 2
22100 2
22110 2
22120 2
22130 2
22140 2
22150 2
22160 2
22170 2
22180 2
22190 2
22200 2
22210 2
22220 2
22230 2
22240 2
22250 2
22260 2
22270 2
22280 2
22290 2
22300 2
22310 2
22320 2
22330 2
22340 2
22350 2
22360 2
22370 2
22380 2
22390 2
22400 2
22410 2
22420 2
22430 2
22440 2
22450 2
22460 2
22470 2
22480 2
22490 2
22500 2
22510 2
22520 2
22530 2
22540 2
22550 2
22560 2
22570 2
22580 2
22590 2
22600 2
22610 2
22620 2
22630 2
22640 2
22650 2
22660 2
22670 2
22680 2
22690 2
22700 2
22710 2
22720 2
22730 2
22740 2
22750 2
22760 2
22770 2
22780 2
22790 2
22800 2
22810 2
22820 2
22830 2
22840 2
22850 2
22860 2
22870 2
22880 2
22890 2
22900 2
22910 2
22920 2
22930 2
22940 2
22950 2
22960 2
22970 2
22980 2
22990 2
23000 2
23010 2
23020 2
23030 2
23040 2
23050 2
23060 2
23070 2
23080 2
23090 2
23100 2
23110 2
23120 2
23130 2
23140 2
23150 2
23160 2
23170 2
23180 2
23190 2
23200 2
23210 2
23220 2
23230 2
23240 2
23250 2
23260 2
23270 2
23280 2
23290 2
23300 2
23310 2
23320 2
23330 2
23340 2
23350 2
23360 2
23370 2
23380 2
23390 2
23400 2
23410 2
23420 2
23430 2
23440 2
23450 2
23460 2
23470 2
23480 2
23490 2
23500 2
23510 2
23520 2
23530 2
23540 2
23550 2
23560 2
23570 2
23580 2
23590 2
23600 2
23610 2
23620 2
23630 2
23640 2
23650 2
23660 2
23670 2
23680 2
23690 2
23700 2
23710 2
23720 2
23730 2
23740 2
23750 2
23760 2
23770 2
23780 2
23790 2
23800 2
23810 2
23820 2
23830 2
23840 2
23850 2
23860 2
23870 2
23880 2
23890 2
23900 2
23910 2
23920 2
23930 2
23940 2
23950 2
23960 2
23970 2
23980 2
23990 2
24000 2
24010 2
24020 2
24030 2
24040 2
24050 2
24060 2
24070 2
24080 2
24090 2
24100 2
24110 2
24120 2
24130 2
24140 2
24150 2
24160 2
24170 2
24180 2
24190 2
24200 2
24210 2
24220 2
24230 2
24240 2
24250 2
24260 2
24270 2
24280 2
24290 2
24300 2
24310 2
24320 2
24330 2
24340 2
24350 2
24360 2
24370 2
24380 2
24390 2
24400 2
24410 2
24420 2
24430 2
24440 2
24450 2
24460 2
24470 2
24480 2
24490 2
24500 2
24510 2
24520 2
24530 2
24540 2
24550 2
24560 2
24570 2
24580 2
24590 2
24600 2
24610 2
24620 2
24630 2
24640 2
24650 2
24660 2
24670 2
24680 2
24690 2
24700 2
24710 2
24720 2
24730 2
24740 2
24750 2
24760 2
24770 2
24780 2
24790 2
24800 2
24810 2
24820 2
24830 2
24840 2
24850 2
24860 2
24870 2
24880 2
24890 2
24900 2
24910 2
24920 2
24930 2
24940 2
24950 2
24960 2
24970 2
24980 2
24990 2
25000 2
25010 2
25020 2
25030 2
25040 2
25050 2
25060 2
25070 2
25080 2
25090 2
25100 2
25110 2
25120 2
25130 2
25140 2
25150 2
25160 2
25170 2
25180 2
25190 2
25200 2
25210 2
25220 2
25230 2
25240 2
25250 2
25260 2
25270 2
25280 2
25290 2
25300 2
25310 2
25320 2
25330 2
25340 2
25350 2
25360 2
25370 2
25380 2
25390 2
25400 2
25410 2
25420 2
25430 2
25440 2
25450 2
25460 2
25470 2
25480 2
25490 2
25500 2
25510 2
25520 2
25530 2
25540 2
25550 2
25560 2
25570 2
25580 2
25590 2
25600 2
25610 2
25620 2
25630 2
25640 2
25650 2
25660 2
25670 2
25680 2
25690 2
25700 2
25710 2
25720 2
25730 2
25740 2
25750 2
25760 2
25770 2
25780 2
25790 2
25800 2
25810 2
25820 2
25830 2
25840 2
25850 2
25860 2
25870 2
25880 2
25890 2
25900 2
25910 2
25920 2
25930 2
25940 2
25950 2
25960 2
25970 2
25980 2
25990 2
26000 2
26010 2
26020 2
26030 2
26040 2
26050 2
26060 2
26070 2
26080 2
26090 2
26100 2
26110 2
26120 2
26130 2
26140 2
26150 2
26160 2
26170 2
26180 2
26190 2
26200 2
26210 2
26220 2
26230 2
26240 2
26250 2
26260 2
26270 2
26280 2
26290 2
26300 2
26310 2
26320 2
26330 2
26340 2
26350 2
26360 2
26370 2
26380 2
26390 2
26400 2
26410 2
26420 2
26430 2
26440 2
26450 2
26460 2
26470 2
26480 2
26490 2
26500 2
26510 2
26520 2
26530 2
26540 2
26550 2
26560 2
26570 2
26580 2
26590 2
26600 2
26610 2
26620 2
26630 2
26640 2
26650 2
26660 2
26670 2
26680 2
26690 2
26700 2
26710 2
26720 2
26730 2
26740 2
26750 2
26760 2
26770 2
26780 2
26790 2
26800 2
26810 2
26820 2
26830 2
26840 2
26850 2
26860 2
26870 2
26880 2
26890 2
26900 2
26910 2
26920 2
26930 2
26940 2
26950 2
26960 2
26970 2
26980 2
26990 2
27000 2
27010 2
27020 2
27030 2
27040 2
27050 2
27060 2
27070 2
27080 2
27090 2
27100 2
27110 2
27120 2
27130 2
27140 2
27150 2
27160 2
27170 2
27180 2
27190 2
27200 2
27210 2
27220 2
27230 2
27240 2
27250 2
27260 2
27270 2
27280 2
27290 2
27300 2
27310 2
27320 2
27330 2
27340 2
27350 2
27360 2
27370 2
27380 2
27390 2
27400 2
27410 2
27420 2
27430 2
27440 2
27450 2
27460 2
27470 2
27480 2
27490 2
27500 2
27510 2
27520 2
27530 2
27540 2
27550 2
27560 2
27570 2
27580 2
27590 2
27600 2
27610 2
27620 2
27630 2
27640 2
27650 2
27660 2
27670 2
27680 2
27690 2
27700 2
27710 2
27720 2
27730 2
27740 2
27750 2
27760 2
27770 2
27780 2
27790 2
27800 2
27810 2
27820 2
27830 2
27840 2
27850 2
27860 2
27870 2
27880 2
27890 2
27900 2
27910 2
27920 2
27930 2
27940 2
27950 2
27960 2
27970 2
27980 2
27990 2
28000 2
28010 2
28020 2
28030 2
28040 2
28050 2
28060 2
28070 2
28080 2
28090 2
28100 2
28110 2
28120 2
28130 2
28140 2
28150 2
28160 2
28170 2
28180 2
28190 2
28200 2
28210 2
28220 2
28230 2
28240 2
28250 2
28260 2
28270 2
28280 2
28290 2
28300 2
28310 2
28320 2
28330 2
28340 2
28350 2
28360 2
28370 2
28380 2
28390 2
28400 2
28410 2
28420 2
28430 2
28440 2
28450 2
28460 2
28470 2
28480 2
28490 2
28500 2
28510 2
28520 2
28530 2
28540 2
28550 2
28560 2
28570 2
28580 2
28590 2
28600 2
28610 2
28620 2
28630 2
28640 2
28650 2
28660 2
28670 2
28680 2
28690 2
28700 2
28710 2
28720 2
28730 2
28740 2
28750 2
28760 2
28770 2
28780 2
28790 2
28800 2
28810 2
28820 2
28830 2
28840 2
28850 2
28860 2
28870 2
28880 2
28890 2
28900 2
28910 2
28920 2
28930 2
28940 2
28950 2
28960 2
28970 2
28980 2
28990 2
29000 2
29010 2
29020 2
29030 2
29040 2
29050 2
29060 2
29070 2
29080 2
29090 2
29100 2
29110 2
29120 2
29130 2
29140 2
29150 2
29160 2
29170 2
29180 2
29190 2
29200 2
29210 2
29220 2
29230 2
29240 2
29250 2
29260 2
29270 2
29280 2
29290 2
29300 2
29310 2
29320 2
29330 2
29340 2
29350 2
29360 2
29370 2
29380 2
29390 2
29400 2
29410 2
29420 2
29430 2
29440 2
29450 2
29460 2
29470 2
29480 2
29490 2
29500 2
29510 2
29520 2
29530 2
29540 2
29550 2
29560 2
29570 2
29580 2
29590 2
29600 2
29610 2
29620 2
29630 2
29640 2
29650 2
29660 2
29670 2
29680 2
29690 2
29700 2
29710 2
29720 2
29730 2
29740 2
29750 2
29760 2
29770 2
29780 2
29790 2
29800 2
29810 2
29820 2
29830 2
29840 2
29850 2
29860 2
29870 2
29880 2
29890 2
29900 2
29910 2
29920 2
29930 2
29940 2
29950 2
29960 2
29970 2
29980 2
29990 2
30000 2
