100 172
200 396
300 629
400 880
500 1140
600 1392
700 1689
800 1968
900 2242
1000 2533
1100 2817
1200 3115
1300 3412
1400 3675
1500 4005
1600 4286
1700 4638
1800 4884
1900 5214
2000 5528
2100 5888
2200 6149
2300 6473
2400 6792
2500 7138
2600 7430
2700 7712
2800 8044
2900 8377
3000 8696
3100 9059
3200 9314
3300 9660
3400 9945
3500 10397
3600 10784
3700 10934
3800 11417
3900 11616
4000 12065
4100 12352
4200 12677
4300 13061
4400 13414
4500 13713
4600 14020
4700 14388
4800 14693
4900 14920
5000 15441
5100 15701
5200 16089
5300 16467
5400 16654
5500 16987
5600 17344
5700 17846
5800 18164
5900 18508
6000 18876
6100 19248
6200 19507
6300 19864
6400 20112
6500 20576
6600 20687
6700 21243
6800 21668
6900 21880
7000 22300
7100 22592
7200 23049
7300 23428
7400 23750
7500 23919
7600 24291
7700 24853
7800 24974
7900 25594
8000 25993
8100 26132
8200 26652
8300 26923
8400 27267
8500 27452
8600 27816
8700 28352
8800 28656
8900 29050
9000 29533
9100 29834
9200 30310
9300 30321
9400 30864
9500 31143
9600 31649
9700 31808
9800 32558
9900 32746
10000 33180
10100 33380
10200 33679
10300 34178
10400 34620
10500 35024
10600 35277
10700 35609
10800 35967
10900 36309
11000 36768
11100 37130
11200 37631
11300 37768
11400 38202
11500 38486
11600 38998
11700 39401
11800 39688
11900 39898
12000 40329
12100 40787
12200 40898
12300 41442
12400 41838
12500 42329
12600 42693
12700 43135
12800 43353
12900 43840
13000 44057
13100 44627
13200 44658
13300 45136
13400 45299
13500 45778
13600 46323
13700 46701
13800 46873
13900 47079
14000 47494
14100 48205
14200 48384
14300 48852
14400 49356
14500 49745
14600 50078
14700 50215
14800 50915
14900 51266
15000 51524
15100 51527
15200 52506
15300 52516
15400 53204
15500 53729
15600 53994
15700 54205
15800 54283
15900 55120
16000 55540
16100 55470
16200 56205
16300 56224
16400 56953
16500 57322
16600 57558
16700 57129
16800 58249
16900 58906
17000 59018
17100 59297
17200 59791
17300 59807
17400 60627
17500 60907
17600 61390
17700 61834
17800 62022
17900 61963
18000 63129
18100 63611
18200 63804
18300 64156
18400 64628
18500 64813
18600 65448
18700 66019
18800 66268
18900 66562
19000 66599
19100 67054
19200 67502
19300 67972
19400 68370
19500 68672
19600 69158
19700 69691
19800 70037
19900 69832
20000 70180
20100 70993
20200 71200
20300 71200
20400 72201
20500 72370
20600 72972
20700 73022
20800 73714
20900 74017
21000 74825
21100 74951
21200 74419
21300 75193
21400 75704
21500 75670
21600 76792
21700 76587
21800 77689
21900 78118
22000 78214
22100 78741
22200 79021
22300 79709
22400 79987
22500 80663
22600 80610
22700 80969
22800 81440
22900 81960
23000 82158
23100 81897
23200 83048
23300 83360
23400 83743
23500 83875
23600 84300
23700 84606
23800 85251
23900 85661
24000 85505
24100 86505
24200 87072
24300 87053
24400 87569
24500 88136
24600 88123
24700 88456
24800 89248
24900 89819
25000 89782
25100 90046
25200 90951
25300 91131
25400 91698
25500 91929
25600 92313
25700 92732
25800 92602
25900 93871
26000 93604
26100 94240
26200 94153
26300 94784
26400 95126
26500 95883
26600 96081
26700 95743
26800 96404
26900 97622
27000 97579
27100 98404
27200 98457
27300 99017
27400 99732
27500 100044
27600 98952
27700 100000
27800 100773
27900 100918
28000 101763
28100 101724
28200 102292
28300 102681
28400 103684
28500 103359
28600 104009
28700 104606
28800 104780
28900 105130
29000 105994
29100 105823
29200 106448
29300 107039
29400 107107
29500 107342
29600 107930
29700 107608
29800 108970
29900 109356
30000 109671
30100 109554
30200 110434
30300 110379
30400 110707
30500 111187
30600 111863
30700 112219
30800 112443
30900 113172
31000 112993
31100 114157
31200 114158
31300 114118
31400 115206
31500 115138
31600 115891
31700 116173
31800 116285
31900 116668
32000 117088
32100 117734
32200 118130
32300 118408
32400 118804
32500 119207
32600 119839
32700 119847
32800 120431
32900 120677
33000 121365
33100 122034
33200 121875
33300 122801
33400 123174
33500 123005
33600 124029
33700 123976
33800 124641
33900 124693
34000 124951
34100 124782
34200 126241
34300 126634
34400 126722
34500 127061
34600 127171
34700 127721
34800 128743
34900 128571
35000 129408
35100 129675
35200 129926
35300 130848
35400 130851
35500 131338
35600 131887
35700 131756
35800 132140
35900 133438
36000 133171
36100 133767
36200 133640
36300 134190
36400 135236
36500 135364
36600 135937
36700 136497
36800 136649
36900 137163
37000 137453
37100 138126
37200 137628
37300 138814
37400 138927
37500 138990
37600 138371
37700 139864
37800 140446
37900 141434
38000 141421
38100 141744
38200 142560
38300 142851
38400 143080
38500 143242
38600 144201
38700 144344
38800 144732
38900 144904
39000 145509
39100 146043
39200 146453
39300 146264
39400 147113
39500 147403
39600 148261
39700 148633
39800 148711
39900 148992
40000 149858
40100 149737
40200 150744
40300 151063
40400 150866
40500 151990
40600 151534
40700 152994
40800 152948
40900 153239
41000 153663
41100 154375
41200 154904
41300 155789
41400 154985
41500 154992
41600 156261
41700 156752
41800 156927
41900 157758
42000 156218
42100 158567
42200 158905
42300 159069
42400 159797
42500 159876
42600 160501
42700 160919
42800 161211
42900 160596
43000 161606
43100 162388
43200 162586
43300 163082
43400 162935
43500 163574
43600 163759
43700 165074
43800 165223
43900 166033
44000 165907
44100 165934
44200 166826
44300 167145
44400 167404
44500 167999
44600 168486
44700 166956
44800 168636
44900 169649
45000 169432
45100 170892
45200 170686
45300 171376
45400 172283
45500 172235
45600 172474
45700 173622
45800 174095
45900 174375
46000 174515
46100 173984
46200 175518
46300 175916
46400 176624
46500 177149
46600 176064
46700 177300
46800 177438
46900 177159
47000 178404
47100 179313
47200 178553
47300 178090
47400 179771
47500 179585
47600 180594
47700 179684
47800 181731
47900 182373
48000 182276
48100 182451
48200 183777
48300 183965
48400 184338
48500 184540
48600 185178
48700 185929
48800 185571
48900 186001
49000 186820
49100 187002
49200 187576
49300 187618
49400 188134
49500 188776
49600 189828
49700 189896
49800 190188
49900 190597
50000 190893
50100 191674
50200 192486
50300 192830
50400 192361
50500 193253
50600 193512
50700 193478
50800 194035
50900 195037
51000 193648
51100 195614
51200 196098
51300 195516
51400 196795
51500 197217
51600 197504
51700 197540
51800 198337
51900 198743
52000 198885
52100 199019
52200 199866
52300 199274
52400 201107
52500 200308
52600 201037
52700 202051
52800 202368
52900 202482
53000 202536
53100 203270
53200 203612
53300 204566
53400 204905
53500 205379
53600 206132
53700 205914
53800 205728
53900 207048
54000 206924
54100 208054
54200 208306
54300 208797
54400 207687
54500 208067
54600 209699
54700 209996
54800 210704
54900 211257
55000 209921
55100 212018
55200 212260
55300 211709
55400 213026
55500 211576
55600 213366
55700 214274
55800 215126
55900 215023
56000 215053
56100 214690
56200 216151
56300 215505
56400 217520
56500 217789
56600 217462
56700 217749
56800 218058
56900 218807
57000 219173
57100 220144
57200 219454
57300 221051
57400 221292
57500 222243
57600 222089
57700 221829
57800 221792
57900 223095
58000 222619
58100 223777
58200 224824
58300 224848
58400 225398
58500 224526
58600 225917
58700 227177
58800 226044
58900 227655
59000 227862
59100 229407
59200 229383
59300 229714
59400 229656
59500 228836
59600 230168
59700 229976
59800 229879
59900 231196
60000 232783
60100 233271
60200 233499
60300 233482
60400 233454
60500 233564
60600 233981
60700 235523
60800 235335
60900 234568
61000 236253
61100 236374
61200 236697
61300 237205
61400 236577
61500 239055
61600 238622
61700 238124
61800 239212
61900 239556
62000 239129
62100 240052
62200 240281
62300 241235
62400 241509
62500 242731
62600 242332
62700 243434
62800 242580
62900 245050
63000 244277
63100 244759
63200 244985
63300 246217
63400 245651
63500 246544
63600 247316
63700 246598
63800 248152
63900 248620
64000 248113
64100 249059
64200 250021
64300 250806
64400 250616
64500 251126
64600 251008
64700 249931
64800 252175
64900 252294
65000 252405
65100 253466
65200 253207
65300 253337
65400 253874
65500 255084
65600 253451
65700 255829
65800 255740
65900 254552
66000 256858
66100 257412
66200 257313
66300 258416
66400 258318
66500 258893
66600 259287
66700 259292
66800 260746
66900 260701
67000 261831
67100 260105
67200 262009
67300 262036
67400 261337
67500 262815
67600 263626
67700 262518
67800 264797
67900 264405
68000 265506
68100 265913
68200 264219
68300 266682
68400 267217
68500 266725
68600 267408
68700 267987
68800 267741
68900 269154
69000 269548
69100 269745
69200 270098
69300 269046
69400 270818
69500 271622
69600 270553
69700 273059
69800 271463
69900 273423
70000 273391
70100 274588
70200 274980
70300 274004
70400 274720
70500 275126
70600 276598
70700 276267
70800 276578
70900 276891
71000 275094
71100 278112
71200 277445
71300 277657
71400 279799
71500 280224
71600 279464
71700 280290
71800 281057
71900 281689
72000 279532
72100 281486
72200 282386
72300 282476
72400 283581
72500 283481
72600 283068
72700 283933
72800 286149
72900 285628
73000 285541
73100 287053
73200 286806
73300 287043
73400 287994
73500 287815
73600 288825
73700 288191
73800 289335
73900 290162
74000 290344
74100 290321
74200 291055
74300 290119
74400 291875
74500 291883
74600 292668
74700 292377
74800 292639
74900 293719
75000 293202
75100 293060
75200 296152
75300 295580
75400 296157
75500 296806
75600 296383
75700 297762
75800 296989
75900 297895
76000 297580
76100 298993
76200 299282
76300 299752
76400 297310
76500 300557
76600 298891
76700 301286
76800 301188
76900 301441
77000 302934
77100 303394
77200 303315
77300 302815
77400 304055
77500 304162
77600 305777
77700 306445
77800 306678
77900 305628
78000 306957
78100 306341
78200 305342
78300 308341
78400 308667
78500 307811
78600 308964
78700 309454
78800 310444
78900 308956
79000 310246
79100 311026
79200 311780
79300 312691
79400 312830
79500 312723
79600 312067
79700 313790
79800 314212
79900 313053
80000 315598
80100 314604
80200 315627
80300 316083
80400 315731
80500 317220
80600 317459
80700 316088
80800 315169
80900 318916
81000 318484
81100 320165
81200 319883
81300 319631
81400 321126
81500 321502
81600 322295
81700 321254
81800 322015
81900 322600
82000 322803
82100 323656
82200 323849
82300 324380
82400 322944
82500 325115
82600 325557
82700 325930
82800 326451
82900 326003
83000 326742
83100 326086
83200 327959
83300 328239
83400 328807
83500 329924
83600 330300
83700 329998
83800 330960
83900 329461
84000 331038
84100 331340
84200 331772
84300 333281
84400 332252
84500 333792
84600 334908
84700 333131
84800 334863
84900 335075
85000 336238
85100 336009
85200 336579
85300 337874
85400 338058
85500 338031
85600 336664
85700 337756
85800 339372
85900 338835
86000 340185
86100 340601
86200 340100
86300 340914
86400 340189
86500 341056
86600 342551
86700 342535
86800 343224
86900 343211
87000 343136
87100 344620
87200 345283
87300 344721
87400 345633
87500 344838
87600 346563
87700 347365
87800 347436
87900 346848
88000 346154
88100 349609
88200 348218
88300 348509
88400 349794
88500 350178
88600 349743
88700 350882
88800 351639
88900 351888
89000 352073
89100 351708
89200 352693
89300 352601
89400 352933
89500 353233
89600 353825
89700 355344
89800 355096
89900 356085
90000 356235
90100 357354
90200 356426
90300 357577
90400 358169
90500 357946
90600 358123
90700 359504
90800 359310
90900 358897
91000 361003
91100 361358
91200 361792
91300 360611
91400 360496
91500 362792
91600 363278
91700 363173
91800 363562
91900 364088
92000 364687
92100 364543
92200 365160
92300 365901
92400 366974
92500 365833
92600 367683
92700 367492
92800 366846
92900 367763
93000 367918
93100 368613
93200 366445
93300 369990
93400 368722
93500 370271
93600 371832
93700 371428
93800 371476
93900 372445
94000 373635
94100 372512
94200 373501
94300 374425
94400 371374
94500 374966
94600 374272
94700 376222
94800 376606
94900 377835
95000 375632
95100 377822
95200 378357
95300 378112
95400 377596
95500 378468
95600 379944
95700 379814
95800 379663
95900 379698
96000 381368
96100 382365
96200 381522
96300 382248
96400 382835
96500 383131
96600 383342
96700 384035
96800 384499
96900 385381
97000 385467
97100 385647
97200 386511
97300 386169
97400 387960
97500 387047
97600 387296
97700 388317
97800 389170
97900 388694
98000 390417
98100 389436
98200 391000
98300 391679
98400 391059
98500 390985
98600 392372
98700 391479
98800 391783
98900 394071
99000 394064
99100 394136
99200 395225
99300 395228
99400 395659
99500 396183
99600 397089
99700 397307
99800 397188
99900 397001
