100 188
200 421
300 672
400 933
500 1205
600 1481
700 1765
800 2054
900 2343
1000 2636
1100 2940
1200 3241
1300 3545
1400 3850
1500 4161
1600 4471
1700 4789
1800 5102
1900 5419
2000 5734
2100 6054
2200 6388
2300 6703
2400 7020
2500 7351
2600 7683
2700 8016
2800 8346
2900 8676
3000 9010
3100 9343
3200 9683
3300 10015
3400 10354
3500 10688
3600 11023
3700 11363
3800 11714
3900 12048
4000 12391
4100 12728
4200 13073
4300 13421
4400 13766
4500 14114
4600 14452
4700 14804
4800 15158
4900 15494
5000 15851
5100 16206
5200 16554
5300 16929
5400 17267
5500 17603
5600 17958
5700 18317
5800 18677
5900 19023
6000 19369
6100 19751
6200 20090
6300 20447
6400 20799
6500 21178
6600 21517
6700 21880
6800 22238
6900 22600
7000 22959
7100 23329
7200 23684
7300 24068
7400 24407
7500 24777
7600 25150
7700 25498
7800 25862
7900 26239
8000 26600
8100 26950
8200 27318
8300 27676
8400 28054
8500 28430
8600 28786
8700 29153
8800 29517
8900 29897
9000 30259
9100 30618
9200 31030
9300 31345
9400 31736
9500 32126
9600 32454
9700 32849
9800 33234
9900 33572
10000 33968
10100 34331
10200 34693
10300 35065
10400 35470
10500 35830
10600 36212
10700 36571
10800 36958
10900 37324
11000 37657
11100 38041
11200 38394
11300 38782
11400 39167
11500 39550
11600 39917
11700 40286
11800 40655
11900 41072
12000 41459
12100 41818
12200 42184
12300 42571
12400 42964
12500 43325
12600 43755
12700 44112
12800 44476
12900 44878
13000 45271
13100 45624
13200 46047
13300 46421
13400 46776
13500 47161
13600 47558
13700 47926
13800 48315
13900 48678
14000 49068
14100 49461
14200 49847
14300 50223
14400 50593
14500 51012
14600 51369
14700 51784
14800 52121
14900 52490
15000 52901
15100 53276
15200 53684
15300 54006
15400 54416
15500 54787
15600 55194
15700 55591
15800 55952
15900 56386
16000 56728
16100 57105
16200 57482
16300 57829
16400 58187
16500 58592
16600 59023
16700 59335
16800 59750
16900 60145
17000 60501
17100 60925
17200 61243
17300 61738
17400 62121
17500 62502
17600 62855
17700 63251
17800 63654
17900 64000
18000 64446
18100 64833
18200 65205
18300 65603
18400 65998
18500 66431
18600 66780
18700 67185
18800 67557
18900 67973
19000 68386
19100 68761
19200 69156
19300 69553
19400 69962
19500 70264
19600 70764
19700 71091
19800 71534
19900 71939
20000 72316
20100 72731
20200 73108
20300 73487
20400 73909
20500 74285
20600 74682
20700 75104
20800 75440
20900 75872
21000 76292
21100 76649
21200 77044
21300 77462
21400 77875
21500 78214
21600 78655
21700 79068
21800 79457
21900 79803
22000 80259
22100 80649
22200 81058
22300 81412
22400 81834
22500 82231
22600 82587
22700 83046
22800 83414
22900 83786
23000 84197
23100 84594
23200 85043
23300 85406
23400 85739
23500 86143
23600 86541
23700 86946
23800 87353
23900 87729
24000 88098
24100 88576
24200 88946
24300 89358
24400 89771
24500 90133
24600 90526
24700 90953
24800 91307
24900 91724
25000 92108
25100 92467
25200 92909
25300 93310
25400 93708
25500 94103
25600 94494
25700 94898
25800 95282
25900 95682
26000 96044
26100 96514
26200 96812
26300 97326
26400 97608
26500 97987
26600 98461
26700 98793
26800 99207
26900 99627
27000 100077
27100 100375
27200 100808
27300 101131
27400 101618
27500 102042
27600 102374
27700 102802
27800 103180
27900 103576
28000 103987
28100 104371
28200 104783
28300 105209
28400 105524
28500 105939
28600 106342
28700 106785
28800 107142
28900 107554
29000 107911
29100 108267
29200 108788
29300 109184
29400 109469
29500 109908
29600 110267
29700 110720
29800 111032
29900 111481
30000 111865
30100 112260
30200 112661
30300 113041
30400 113460
30500 113894
30600 114268
30700 114631
30800 115046
30900 115464
31000 115813
31100 116203
31200 116628
31300 117025
31400 117393
31500 117809
31600 118208
31700 118568
31800 118974
31900 119325
32000 119797
32100 120237
32200 120545
32300 120935
32400 121353
32500 121699
32600 122129
32700 122549
32800 122896
32900 123222
33000 123703
33100 124091
33200 124534
33300 124902
33400 125298
33500 125804
33600 126124
33700 126570
33800 127024
33900 127414
34000 127782
34100 128087
34200 128607
34300 128977
34400 129498
34500 129930
34600 130263
34700 130684
34800 131036
34900 131551
35000 131902
35100 132378
35200 132753
35300 133059
35400 133540
35500 134019
35600 134429
35700 134820
35800 135236
35900 135680
36000 136092
36100 136510
36200 136892
36300 137272
36400 137746
36500 138106
36600 138606
36700 138959
36800 139362
36900 139825
37000 140254
37100 140638
37200 141029
37300 141435
37400 141876
37500 142325
37600 142683
37700 143128
37800 143522
37900 143893
38000 144391
38100 144744
38200 145217
38300 145633
38400 146042
38500 146408
38600 146922
38700 147332
38800 147757
38900 148197
39000 148610
39100 148962
39200 149422
39300 149842
39400 150199
39500 150636
39600 151154
39700 151505
39800 151829
39900 152341
40000 152811
40100 153133
40200 153587
40300 154023
40400 154410
40500 154879
40600 155253
40700 155615
40800 156087
40900 156491
41000 156969
41100 157353
41200 157811
41300 158144
41400 158604
41500 159018
41600 159404
41700 159873
41800 160270
41900 160761
42000 161146
42100 161505
42200 161987
42300 162425
42400 162791
42500 163263
42600 163609
42700 164058
42800 164497
42900 164909
43000 165269
43100 165720
43200 166100
43300 166601
43400 167123
43500 167452
43600 167763
43700 168318
43800 168655
43900 169165
44000 169557
44100 170011
44200 170410
44300 170733
44400 171188
44500 171650
44600 172033
44700 172426
44800 172899
44900 173319
45000 173597
45100 174172
45200 174649
45300 174984
45400 175445
45500 175806
45600 176121
45700 176480
45800 177122
45900 177537
46000 177981
46100 178360
46200 178716
46300 179231
46400 179563
46500 179985
46600 180376
46700 180884
46800 181264
46900 181529
47000 182179
47100 182512
47200 182845
47300 183333
47400 183921
47500 184239
47600 184550
47700 184986
47800 185415
47900 185924
48000 186288
48100 186738
48200 187154
48300 187592
48400 187880
48500 188404
48600 188705
48700 189180
48800 189628
48900 190057
49000 190464
49100 190947
49200 191183
49300 191766
49400 192127
49500 192607
49600 193049
49700 193427
49800 193872
49900 194266
50000 194662
50100 195096
50200 195528
50300 195937
50400 196400
50500 196878
50600 197159
50700 197586
50800 198051
50900 198359
51000 198861
51100 199245
51200 199679
51300 200148
51400 200517
51500 200972
51600 201402
51700 201812
51800 202211
51900 202680
52000 203066
52100 203438
52200 203993
52300 204422
52400 204645
52500 205178
52600 205650
52700 206055
52800 206394
52900 206851
53000 207294
53100 207658
53200 208018
53300 208512
53400 208965
53500 209337
53600 209752
53700 210092
53800 210768
53900 211082
54000 211576
54100 211773
54200 212236
54300 212704
54400 213203
54500 213590
54600 213925
54700 214456
54800 214882
54900 215259
55000 215625
55100 216177
55200 216420
55300 216982
55400 217420
55500 217905
55600 218255
55700 218624
55800 218963
55900 219326
56000 219963
56100 220247
56200 220829
56300 221185
56400 221610
56500 221999
56600 222530
56700 222909
56800 223311
56900 223683
57000 224119
57100 224450
57200 224914
57300 225402
57400 225780
57500 226226
57600 226633
57700 226996
57800 227461
57900 227742
58000 228284
58100 228606
58200 229116
58300 229467
58400 230041
58500 230262
58600 230782
58700 231249
58800 231622
58900 232134
59000 232548
59100 232896
59200 233356
59300 233645
59400 234045
59500 234437
59600 234933
59700 235357
59800 235743
59900 236214
60000 236641
60100 236991
60200 237594
60300 237904
60400 238347
60500 238741
60600 239220
60700 239479
60800 239957
60900 240367
61000 240880
61100 241183
61200 241631
61300 242059
61400 242601
61500 242836
61600 243363
61700 243832
61800 244305
61900 244546
62000 245050
62100 245455
62200 246012
62300 246227
62400 246720
62500 247030
62600 247414
62700 247919
62800 248268
62900 248633
63000 249173
63100 249782
63200 250010
63300 250537
63400 250792
63500 251117
63600 251684
63700 252197
63800 252456
63900 252843
64000 253315
64100 253806
64200 254217
64300 254641
64400 254983
64500 255439
64600 255691
64700 256223
64800 256664
64900 257172
65000 257447
65100 257933
65200 258198
65300 258660
65400 259247
65500 259573
65600 259979
65700 260251
65800 260843
65900 261133
66000 261592
66100 261985
66200 262452
66300 262836
66400 263341
66500 263737
66600 264075
66700 264425
66800 264825
66900 265303
67000 265846
67100 266232
67200 266685
67300 267173
67400 267451
67500 267842
67600 268297
67700 268819
67800 269045
67900 269690
68000 270137
68100 270363
68200 270801
68300 271295
68400 271577
68500 272029
68600 272431
68700 273008
68800 273429
68900 273760
69000 274150
69100 274477
69200 274850
69300 275378
69400 275766
69500 276333
69600 276668
69700 277018
69800 277481
69900 277947
70000 278304
70100 278760
70200 279157
70300 279497
70400 279892
70500 280383
70600 280954
70700 281222
70800 281654
70900 282102
71000 282581
71100 282728
71200 283241
71300 283827
71400 284077
71500 284593
71600 285001
71700 285580
71800 285916
71900 286315
72000 286715
72100 287079
72200 287463
72300 287938
72400 288328
72500 288757
72600 289307
72700 289703
72800 290009
72900 290389
73000 290934
