100 200
200 446
300 698
400 970
500 1246
600 1525
700 1805
800 2106
900 2396
1000 2709
1100 3016
1200 3305
1300 3623
1400 3933
1500 4289
1600 4595
1700 4901
1800 5195
1900 5524
2000 5854
2100 6216
2200 6489
2300 6830
2400 7162
2500 7529
2600 7835
2700 8127
2800 8499
2900 8846
3000 9158
3100 9530
3200 9814
3300 10163
3400 10532
3500 10886
3600 11192
3700 11568
3800 11851
3900 12207
4000 12530
4100 12905
4200 13326
4300 13622
4400 13923
4500 14296
4600 14642
4700 14961
4800 15397
4900 15719
5000 16040
5100 16400
5200 16837
5300 17166
5400 17597
5500 17806
5600 18152
5700 18499
5800 18885
5900 19269
6000 19582
6100 20025
6200 20327
6300 20720
6400 20994
6500 21399
6600 21786
6700 22159
6800 22520
6900 22875
7000 23297
7100 23586
7200 23966
7300 24371
7400 24741
7500 25107
7600 25449
7700 25803
7800 26148
7900 26475
8000 26817
8100 27324
8200 27590
8300 27990
8400 28376
8500 28885
8600 29100
8700 29497
8800 29849
8900 30252
9000 30734
9100 30914
9200 31342
9300 31778
9400 32185
9500 32480
9600 32826
9700 33265
9800 33589
9900 33948
10000 34275
10100 34705
10200 35178
10300 35503
10400 35974
10500 36198
10600 36738
10700 36919
10800 37303
10900 37726
11000 38177
11100 38471
11200 38857
11300 39373
11400 39600
11500 40001
11600 40398
11700 40785
11800 41049
11900 41671
12000 41856
12100 42231
12200 42639
12300 43080
12400 43481
12500 43817
12600 44148
12700 44611
12800 44930
12900 45287
13000 45777
13100 46126
13200 46405
13300 46936
13400 47270
13500 47629
13600 48169
13700 48483
13800 48933
13900 49134
14000 49636
14100 50049
14200 50299
14300 50709
14400 51249
14500 51551
14600 52077
14700 52406
14800 52689
14900 53015
15000 53503
15100 53814
15200 54118
15300 54667
15400 54964
15500 55409
15600 55934
15700 56131
15800 56453
15900 56834
16000 57357
16100 57733
16200 58116
16300 58480
16400 58797
16500 59285
16600 59572
16700 60010
16800 60413
16900 60808
17000 61311
17100 61619
17200 61967
17300 62260
17400 62776
17500 63154
17600 63512
17700 63996
17800 64272
17900 64634
18000 65098
18100 65403
18200 65881
18300 66165
18400 66591
18500 67306
18600 67524
18700 67787
18800 68315
18900 68994
19000 68983
19100 69466
19200 69976
19300 70208
19400 70720
19500 71090
19600 71424
19700 71747
19800 72293
19900 72852
20000 72938
20100 73515
20200 73850
20300 74222
20400 74582
20500 75099
20600 75278
20700 75884
20800 76183
20900 76562
21000 77216
21100 77487
21200 77708
21300 78136
21400 78508
21500 79158
21600 79325
21700 79759
21800 80071
21900 80595
22000 80983
22100 81345
22200 81588
22300 82010
22400 82535
22500 82989
22600 83226
22700 84061
22800 84239
22900 84596
23000 85114
23100 85457
23200 85818
23300 86499
23400 86592
23500 87126
23600 87236
23700 87839
23800 88182
23900 88510
24000 89059
24100 89631
24200 89860
24300 90224
24400 90578
24500 90760
24600 91525
24700 91805
24800 92007
24900 92810
25000 93052
25100 93461
25200 93543
25300 94268
25400 94707
25500 94774
25600 95246
25700 95793
25800 95863
25900 96573
26000 97010
26100 97419
26200 98461
26300 98265
26400 98674
26500 98817
26600 99265
26700 99991
26800 99989
26900 100848
27000 101179
27100 101127
27200 101616
27300 102060
27400 102450
27500 102713
27600 103176
27700 103699
27800 103976
27900 104491
28000 104761
28100 105267
28200 105651
28300 106037
28400 106636
28500 107092
28600 107229
28700 107538
28800 108103
28900 108327
29000 108825
29100 109056
29200 109730
29300 110116
29400 110433
29500 110793
29600 111181
29700 111562
29800 111771
29900 112569
30000 112919
30100 113285
30200 114089
30300 113916
30400 114540
30500 114755
30600 115406
30700 115301
30800 116061
30900 116441
31000 117032
31100 117183
31200 117400
31300 118301
31400 118196
31500 118855
31600 119069
31700 119372
31800 119744
31900 120372
32000 120780
32100 121193
32200 121602
32300 122007
32400 122473
32500 122540
32600 122741
32700 123293
32800 123778
32900 124233
33000 124672
33100 125104
33200 125562
33300 125876
33400 126493
33500 126701
33600 127145
33700 127718
33800 128313
33900 128350
34000 128870
34100 129293
34200 129662
34300 130364
34400 130615
34500 130893
34600 131169
34700 131745
34800 132168
34900 132500
35000 133214
35100 133588
35200 133990
35300 134512
35400 134944
35500 135412
35600 135400
35700 135822
35800 136760
35900 136667
36000 137304
36100 137815
36200 138001
36300 138286
36400 139481
36500 139759
36600 140209
36700 139982
36800 140382
36900 140947
37000 141407
37100 142065
37200 142418
37300 142646
37400 142982
37500 143545
37600 144240
37700 144494
37800 144812
37900 144947
38000 145637
38100 146061
38200 146220
38300 146661
38400 147342
38500 147807
38600 147993
38700 148154
38800 149072
38900 149302
39000 149729
39100 150378
39200 151084
39300 151348
39400 151863
39500 151923
39600 152265
39700 152843
39800 152894
39900 153696
40000 154007
40100 154218
40200 154923
40300 155323
40400 155924
40500 156219
40600 156675
40700 156879
40800 157319
40900 157713
41000 158151
41100 158796
41200 158924
41300 159260
41400 160325
41500 160383
41600 160495
41700 161403
41800 161450
41900 161569
42000 162460
42100 162683
42200 163246
42300 163433
42400 164081
42500 164294
42600 164926
42700 165398
42800 165998
42900 166086
43000 166823
43100 166973
43200 167810
43300 168036
43400 168396
43500 169104
43600 169353
43700 170001
43800 170351
43900 170981
44000 171002
44100 171127
44200 172575
44300 171934
44400 172376
44500 173131
44600 173395
44700 174059
44800 174439
44900 174582
45000 175289
45100 175346
45200 175471
45300 176381
45400 177229
45500 177484
45600 177735
45700 178373
45800 178165
45900 178725
46000 179174
46100 179541
46200 180105
46300 180824
46400 180915
46500 181690
46600 181924
46700 182935
46800 182381
46900 183383
47000 183069
47100 183706
47200 184693
47300 184962
47400 185266
47500 186004
47600 186084
47700 186545
47800 187091
47900 187118
48000 188334
48100 188119
48200 188913
48300 189113
48400 189325
48500 189928
48600 190694
48700 190774
48800 190876
48900 191807
49000 192462
49100 192322
49200 193173
49300 193405
49400 194152
49500 194189
49600 194219
49700 195204
49800 195421
49900 196000
50000 196198
50100 196567
50200 196905
50300 197721
50400 197873
50500 198322
50600 198994
50700 198629
50800 199390
50900 200023
51000 200313
51100 201223
51200 201392
51300 201749
51400 202559
51500 202623
51600 202982
51700 203409
51800 203608
51900 204250
52000 205834
52100 205136
52200 205618
52300 205621
52400 206761
52500 207008
52600 207705
52700 207879
52800 208481
52900 208825
53000 209467
53100 209669
53200 209479
53300 210069
53400 210289
53500 211716
53600 211540
53700 211519
53800 212516
53900 212909
54000 212930
54100 213385
54200 214196
54300 214305
54400 215002
54500 215137
54600 215505
54700 216343
54800 216706
54900 216936
55000 217702
55100 218513
55200 217945
55300 218463
55400 219412
55500 219670
55600 220172
55700 220368
55800 221474
55900 221416
56000 221965
56100 221875
56200 222633
56300 222679
56400 223718
56500 223627
56600 223979
56700 224925
56800 224605
56900 225070
57000 225554
57100 225995
57200 226891
57300 227571
57400 227390
57500 227778
57600 228342
57700 228574
57800 228923
57900 230212
58000 229554
58100 230319
58200 231047
58300 230919
58400 231980
58500 232457
58600 232140
58700 232430
58800 233234
58900 233653
59000 234229
59100 235791
59200 235432
59300 235107
59400 236093
59500 236386
59600 236497
59700 236970
59800 237462
59900 238120
60000 238429
60100 238972
60200 239330
60300 240243
60400 240113
60500 240681
60600 241346
60700 241551
60800 241674
60900 242687
61000 242870
61100 243009
61200 243334
61300 243658
61400 244103
61500 244429
61600 244756
61700 245423
61800 245386
61900 246509
62000 247421
62100 247402
62200 247048
62300 248304
62400 249248
62500 248976
62600 249662
62700 249755
62800 249834
62900 250268
63000 250961
63100 251405
63200 251532
63300 252627
63400 252164
63500 253128
63600 253258
63700 254514
63800 255132
63900 254333
64000 255427
64100 255398
64200 256052
64300 256185
64400 256506
64500 256909
64600 257309
64700 257834
64800 258789
64900 258645
65000 259069
65100 259914
65200 260136
65300 260664
65400 261122
65500 261979
65600 261439
65700 261646
65800 262857
65900 263134
66000 263740
66100 263732
66200 264202
66300 264534
66400 265982
66500 265397
66600 266032
66700 266634
66800 266566
66900 267369
67000 267472
67100 268589
67200 268229
67300 268811
67400 269595
67500 269624
67600 270636
67700 270945
67800 271751
67900 271526
68000 271331
68100 272331
68200 272733
68300 272625
68400 273620
68500 274204
68600 274199
68700 275263
68800 275014
68900 275779
69000 276212
69100 276400
69200 276892
69300 277361
69400 278257
69500 278637
69600 278014
69700 279109
69800 279682
69900 280608
70000 280789
70100 280562
70200 280943
70300 281722
70400 281761
70500 282344
70600 283303
70700 283353
70800 284454
70900 284016
71000 284677
71100 284378
71200 285751
71300 285658
71400 285989
71500 286332
71600 287060
71700 288638
71800 288145
71900 288160
72000 288477
72100 289417
72200 290145
72300 289767
72400 291281
72500 291616
72600 291418
72700 291757
72800 292037
72900 292232
73000 292751
73100 294047
73200 293996
73300 294173
73400 295288
73500 294878
73600 296141
73700 296341
73800 296482
73900 297636
74000 296911
74100 297298
74200 297774
74300 298121
74400 298675
74500 299512
74600 300161
74700 300202
74800 300592
74900 301564
75000 301209
75100 301654
75200 302731
75300 302683
75400 302525
75500 303550
75600 303578
75700 303825
75800 304465
75900 306328
76000 305180
76100 305884
76200 306562
76300 306649
76400 306896
76500 307434
76600 307551
76700 309096
76800 308649
76900 309084
77000 309649
77100 310485
77200 310451
77300 310434
77400 311910
77500 312336
77600 312917
77700 312447
77800 313337
77900 314842
78000 313792
78100 313961
78200 316043
78300 315979
78400 315470
78500 315575
78600 316124
78700 316689
78800 318130
78900 317597
79000 318218
79100 319145
79200 318870
79300 319627
79400 320527
79500 320574
79600 321075
79700 320834
79800 321570
79900 322464
80000 322119
80100 322579
80200 322986
80300 323593
80400 323716
80500 323771
80600 325536
80700 325194
80800 325636
80900 326127
81000 326381
81100 326848
81200 327851
81300 327866
81400 328226
81500 328296
81600 328416
81700 329453
81800 329829
81900 330525
82000 330814
82100 331845
82200 331626
82300 332266
82400 333167
82500 333459
82600 333273
82700 333126
82800 334369
82900 334734
83000 334902
83100 335083
83200 335934
83300 337440
83400 337084
83500 336860
83600 337399
83700 338153
83800 338406
83900 339159
84000 338465
84100 339313
84200 339887
84300 340068
84400 339825
84500 341149
84600 342104
84700 342076
84800 342059
84900 343426
85000 344087
85100 343764
85200 344434
85300 344120
85400 344516
85500 345257
85600 345161
85700 346443
85800 346438
85900 347066
86000 347441
86100 347670
86200 348205
86300 348567
86400 349074
86500 348830
86600 349348
86700 350821
86800 350314
86900 350769
87000 351119
87100 351894
87200 352286
87300 352566
87400 353283
87500 353828
87600 354280
87700 354445
87800 356948
87900 355288
88000 355788
88100 356090
88200 356518
88300 356958
88400 359235
88500 357770
88600 357979
88700 358323
88800 359343
88900 359053
89000 359892
89100 361243
89200 360822
89300 360992
89400 362168
89500 363465
89600 362074
89700 363080
89800 363377
89900 363540
90000 364851
90100 364224
90200 365110
90300 365179
90400 366094
90500 365828
90600 366793
90700 366830
90800 368353
90900 367567
91000 368662
91100 369337
91200 369813
91300 369490
91400 370036
91500 370288
91600 371352
91700 371069
91800 371564
91900 371998
92000 373369
92100 373261
92200 374415
92300 373438
92400 374427
92500 374934
92600 375461
92700 374712
92800 375920
92900 377489
93000 376595
93100 376674
93200 377498
93300 378464
93400 377711
93500 379536
93600 379504
93700 379525
93800 380097
93900 380164
94000 380691
94100 381266
94200 381252
94300 382299
94400 382994
94500 383425
94600 384429
94700 383748
94800 384042
94900 384551
95000 385588
95100 386221
95200 385997
95300 386471
95400 387703
95500 387619
95600 387689
95700 387758
95800 388558
95900 389262
96000 389183
96100 390051
96200 390192
96300 391006
96400 391803
96500 391166
96600 391775
96700 393395
96800 393454
96900 393187
97000 393508
97100 394961
97200 394600
97300 395461
97400 394565
97500 395051
97600 395792
97700 396797
97800 397071
97900 397458
98000 397307
98100 397838
98200 399145
98300 398830
98400 400742
98500 399483
98600 399707
98700 400575
98800 400799
98900 400872
99000 402056
99100 402398
99200 402769
99300 403026
99400 403704
99500 403934
99600 405099
99700 404943
99800 405378
99900 405378
