100 300
200 600
300 900
400 1200
500 1500
600 1800
700 2100
800 2400
900 2700
1000 3000
1100 3300
1200 3600
1300 3900
1400 4200
1500 4500
1600 4800
1700 5100
1800 5400
1900 5700
2000 6000
2100 6300
2200 6600
2300 6900
2400 7200
2500 7500
2600 7800
2700 8100
2800 8400
2900 8700
3000 9000
3100 9300
3200 9600
3300 9900
3400 10200
3500 10500
3600 10800
3700 11100
3800 11400
3900 11700
4000 12000
4100 12300
4200 12600
4300 12900
4400 13200
4500 13500
4600 13800
4700 14100
4800 14400
4900 14700
5000 15000
5100 15300
5200 15600
5300 15900
5400 16200
5500 16500
5600 16800
5700 17100
5800 17400
5900 17700
6000 18000
6100 18300
6200 18600
6300 18900
6400 19200
6500 19500
6600 19800
6700 20100
6800 20400
6900 20700
7000 21000
7100 21300
7200 21600
7300 21900
7400 22200
7500 22500
7600 22800
7700 23100
7800 23400
7900 23700
8000 24000
8100 24300
8200 24600
8300 24900
8400 25200
8500 25500
8600 25800
8700 26100
8800 26400
8900 26700
9000 27000
9100 27300
9200 27600
9300 27900
9400 28200
9500 28500
9600 28800
9700 29100
9800 29400
9900 29700
10000 30000
10100 30300
10200 30600
10300 30900
10400 31200
10500 31500
10600 31800
10700 32100
10800 32400
10900 32700
11000 33000
11100 33300
11200 33600
11300 33900
11400 34200
11500 34500
11600 34800
11700 35100
11800 35400
11900 35700
12000 36000
12100 36300
12200 36600
12300 36900
12400 37200
12500 37500
12600 37800
12700 38100
12800 38400
12900 38700
13000 39000
13100 39300
13200 39600
13300 39900
13400 40200
13500 40500
13600 40800
13700 41100
13800 41400
13900 41700
14000 42000
14100 42300
14200 42600
14300 42900
14400 43200
14500 43500
14600 43800
14700 44100
14800 44400
14900 44700
15000 45000
15100 45300
15200 45600
15300 45900
15400 46200
15500 46500
15600 46800
15700 47100
15800 47400
15900 47700
16000 48000
16100 48300
16200 48600
16300 48900
16400 49200
16500 49500
16600 49800
16700 50100
16800 50400
16900 50700
17000 51000
17100 51300
17200 51600
17300 51900
17400 52200
17500 52500
17600 52800
17700 53100
17800 53400
17900 53700
18000 54000
18100 54300
18200 54600
18300 54900
18400 55200
18500 55500
18600 55800
18700 56100
18800 56400
18900 56700
19000 57000
19100 57300
19200 57600
19300 57900
19400 58200
19500 58500
19600 58800
19700 59100
19800 59400
19900 59700
20000 60000
20100 60300
20200 60600
20300 60900
20400 61200
20500 61500
20600 61800
20700 62100
20800 62400
20900 62700
21000 63000
21100 63300
21200 63600
21300 63900
21400 64200
21500 64500
21600 64800
21700 65100
21800 65400
21900 65700
22000 66000
22100 66300
22200 66600
22300 66900
22400 67200
22500 67500
22600 67800
22700 68100
22800 68400
22900 68700
23000 69000
23100 69300
23200 69600
23300 69900
23400 70200
23500 70500
23600 70800
23700 71100
23800 71400
23900 71700
24000 72000
24100 72300
24200 72600
24300 72900
24400 73200
24500 73500
24600 73800
24700 74100
24800 74400
24900 74700
25000 75000
25100 75300
25200 75600
25300 75900
25400 76200
25500 76500
25600 76800
25700 77100
25800 77400
25900 77700
26000 78000
26100 78300
26200 78600
26300 78900
26400 79200
26500 79500
26600 79800
26700 80100
26800 80400
26900 80700
27000 81000
27100 81300
27200 81600
27300 81900
27400 82200
27500 82500
27600 82800
27700 83100
27800 83400
27900 83700
28000 84000
28100 84300
28200 84600
28300 84900
28400 85200
28500 85500
28600 85800
28700 86100
28800 86400
28900 86700
29000 87000
29100 87300
29200 87600
29300 87900
29400 88200
29500 88500
29600 88800
29700 89100
29800 89400
29900 89700
30000 90000
30100 90300
30200 90600
30300 90900
30400 91200
30500 91500
30600 91800
30700 92100
30800 92400
30900 92700
31000 93000
31100 93300
31200 93600
31300 93900
31400 94200
31500 94500
31600 94800
31700 95100
31800 95400
31900 95700
32000 96000
32100 96300
32200 96600
32300 96900
32400 97200
32500 97500
32600 97800
32700 98100
32800 98400
32900 98700
33000 99000
33100 99300
33200 99600
33300 99900
33400 100200
33500 100500
33600 100800
33700 101100
33800 101400
33900 101700
34000 102000
34100 102300
34200 102600
34300 102900
34400 103200
34500 103500
34600 103800
34700 104100
34800 104400
34900 104700
35000 105000
35100 105300
35200 105600
35300 105900
35400 106200
35500 106500
35600 106800
35700 107100
35800 107400
35900 107700
36000 108000
36100 108300
36200 108600
36300 108900
36400 109200
36500 109500
36600 109800
36700 110100
36800 110400
36900 110700
37000 111000
37100 111300
37200 111600
37300 111900
37400 112200
37500 112500
37600 112800
37700 113100
37800 113400
37900 113700
38000 114000
38100 114300
38200 114600
38300 114900
38400 115200
38500 115500
38600 115800
38700 116100
38800 116400
38900 116700
39000 117000
39100 117300
39200 117600
39300 117900
39400 118200
39500 118500
39600 118800
39700 119100
39800 119400
39900 119700
40000 120000
40100 120300
40200 120600
40300 120900
40400 121200
40500 121500
40600 121800
40700 122100
40800 122400
40900 122700
41000 123000
41100 123300
41200 123600
41300 123900
41400 124200
41500 124500
41600 124800
41700 125100
41800 125400
41900 125700
42000 126000
42100 126300
42200 126600
42300 126900
42400 127200
42500 127500
42600 127800
42700 128100
42800 128400
42900 128700
43000 129000
43100 129300
43200 129600
43300 129900
43400 130200
43500 130500
43600 130800
43700 131100
43800 131400
43900 131700
44000 132000
44100 132300
44200 132600
44300 132900
44400 133200
44500 133500
44600 133800
44700 134100
44800 134400
44900 134700
45000 135000
45100 135300
45200 135600
45300 135900
45400 136200
45500 136500
45600 136800
45700 137100
45800 137400
45900 137700
46000 138000
46100 138300
46200 138600
46300 138900
46400 139200
46500 139500
46600 139800
46700 140100
46800 140400
46900 140700
47000 141000
47100 141300
47200 141600
47300 141900
47400 142200
47500 142500
47600 142800
47700 143100
47800 143400
47900 143700
48000 144000
48100 144300
48200 144600
48300 144900
48400 145200
48500 145500
48600 145800
48700 146100
48800 146400
48900 146700
49000 147000
49100 147300
49200 147600
49300 147900
49400 148200
49500 148500
49600 148800
49700 149100
49800 149400
49900 149700
50000 150000
50100 150300
50200 150600
50300 150900
50400 151200
50500 151500
50600 151800
50700 152100
50800 152400
50900 152700
51000 153000
51100 153300
51200 153600
51300 153900
51400 154200
51500 154500
51600 154800
51700 155100
51800 155400
51900 155700
52000 156000
52100 156300
52200 156600
52300 156900
52400 157200
52500 157500
52600 157800
52700 158100
52800 158400
52900 158700
53000 159000
53100 159300
53200 159600
53300 159900
53400 160200
53500 160500
53600 160800
53700 161100
53800 161400
53900 161700
54000 162000
54100 162300
54200 162600
54300 162900
54400 163200
54500 163500
54600 163800
54700 164100
54800 164400
54900 164700
55000 165000
55100 165300
55200 165600
55300 165900
55400 166200
55500 166500
55600 166800
55700 167100
55800 167400
55900 167700
56000 168000
56100 168300
56200 168600
56300 168900
56400 169200
56500 169500
56600 169800
56700 170100
56800 170400
56900 170700
57000 171000
57100 171300
57200 171600
57300 171900
57400 172200
57500 172500
57600 172800
57700 173100
57800 173400
57900 173700
58000 174000
58100 174300
58200 174600
58300 174900
58400 175200
58500 175500
58600 175800
58700 176100
58800 176400
58900 176700
59000 177000
59100 177300
59200 177600
59300 177900
59400 178200
59500 178500
59600 178800
59700 179100
59800 179400
59900 179700
60000 180000
60100 180300
60200 180600
60300 180900
60400 181200
60500 181500
60600 181800
60700 182100
60800 182400
60900 182700
61000 183000
61100 183300
61200 183600
61300 183900
61400 184200
61500 184500
61600 184800
61700 185100
61800 185400
61900 185700
62000 186000
62100 186300
62200 186600
62300 186900
62400 187200
62500 187500
62600 187800
62700 188100
62800 188400
62900 188700
63000 189000
63100 189300
63200 189600
63300 189900
63400 190200
63500 190500
63600 190800
63700 191100
63800 191400
63900 191700
64000 192000
64100 192300
64200 192600
64300 192900
64400 193200
64500 193500
64600 193800
64700 194100
64800 194400
64900 194700
65000 195000
65100 195300
65200 195600
65300 195900
65400 196200
65500 196500
65600 196800
65700 197100
65800 197400
65900 197700
66000 198000
66100 198300
66200 198600
66300 198900
66400 199200
66500 199500
66600 199800
66700 200100
66800 200400
66900 200700
67000 201000
67100 201300
67200 201600
67300 201900
67400 202200
67500 202500
67600 202800
67700 203100
67800 203400
67900 203700
68000 204000
68100 204300
68200 204600
68300 204900
68400 205200
68500 205500
68600 205800
68700 206100
68800 206400
68900 206700
69000 207000
69100 207300
69200 207600
69300 207900
69400 208200
69500 208500
69600 208800
69700 209100
69800 209400
69900 209700
70000 210000
70100 210300
70200 210600
70300 210900
70400 211200
70500 211500
70600 211800
70700 212100
70800 212400
70900 212700
71000 213000
71100 213300
71200 213600
71300 213900
71400 214200
71500 214500
71600 214800
71700 215100
71800 215400
71900 215700
72000 216000
72100 216300
72200 216600
72300 216900
72400 217200
72500 217500
72600 217800
72700 218100
72800 218400
72900 218700
73000 219000
73100 219300
73200 219600
73300 219900
73400 220200
73500 220500
73600 220800
73700 221100
73800 221400
73900 221700
74000 222000
74100 222300
74200 222600
74300 222900
74400 223200
74500 223500
74600 223800
74700 224100
74800 224400
74900 224700
75000 225000
75100 225300
75200 225600
75300 225900
75400 226200
75500 226500
75600 226800
75700 227100
75800 227400
75900 227700
76000 228000
76100 228300
76200 228600
76300 228900
76400 229200
76500 229500
76600 229800
76700 230100
76800 230400
76900 230700
77000 231000
77100 231300
77200 231600
77300 231900
77400 232200
77500 232500
77600 232800
77700 233100
77800 233400
77900 233700
78000 234000
78100 234300
78200 234600
78300 234900
78400 235200
78500 235500
78600 235800
78700 236100
78800 236400
78900 236700
79000 237000
79100 237300
79200 237600
79300 237900
79400 238200
79500 238500
79600 238800
79700 239100
79800 239400
79900 239700
80000 240000
80100 240300
80200 240600
80300 240900
80400 241200
80500 241500
80600 241800
80700 242100
80800 242400
80900 242700
81000 243000
81100 243300
81200 243600
81300 243900
81400 244200
81500 244500
81600 244800
81700 245100
81800 245400
81900 245700
82000 246000
82100 246300
82200 246600
82300 246900
82400 247200
82500 247500
82600 247800
82700 248100
82800 248400
82900 248700
83000 249000
83100 249300
83200 249600
83300 249900
83400 250200
83500 250500
83600 250800
83700 251100
83800 251400
83900 251700
84000 252000
84100 252300
84200 252600
84300 252900
84400 253200
84500 253500
84600 253800
84700 254100
84800 254400
84900 254700
85000 255000
85100 255300
85200 255600
85300 255900
85400 256200
85500 256500
85600 256800
85700 257100
85800 257400
85900 257700
86000 258000
86100 258300
86200 258600
86300 258900
86400 259200
86500 259500
86600 259800
86700 260100
86800 260400
86900 260700
87000 261000
87100 261300
87200 261600
87300 261900
87400 262200
87500 262500
87600 262800
87700 263100
87800 263400
87900 263700
88000 264000
88100 264300
88200 264600
88300 264900
88400 265200
88500 265500
88600 265800
88700 266100
88800 266400
88900 266700
89000 267000
89100 267300
89200 267600
89300 267900
89400 268200
89500 268500
89600 268800
89700 269100
89800 269400
89900 269700
90000 270000
90100 270300
90200 270600
90300 270900
90400 271200
90500 271500
90600 271800
90700 272100
90800 272400
90900 272700
91000 273000
91100 273300
91200 273600
91300 273900
91400 274200
91500 274500
91600 274800
91700 275100
91800 275400
91900 275700
92000 276000
92100 276300
92200 276600
92300 276900
92400 277200
92500 277500
92600 277800
92700 278100
92800 278400
92900 278700
93000 279000
93100 279300
93200 279600
93300 279900
93400 280200
93500 280500
93600 280800
93700 281100
93800 281400
93900 281700
94000 282000
94100 282300
94200 282600
94300 282900
94400 283200
94500 283500
94600 283800
94700 284100
94800 284400
94900 284700
95000 285000
95100 285300
95200 285600
95300 285900
95400 286200
95500 286500
95600 286800
95700 287100
95800 287400
95900 287700
96000 288000
96100 288300
96200 288600
96300 288900
96400 289200
96500 289500
96600 289800
96700 290100
96800 290400
96900 290700
97000 291000
97100 291300
97200 291600
97300 291900
97400 292200
97500 292500
97600 292800
97700 293100
97800 293400
97900 293700
98000 294000
98100 294300
98200 294600
98300 294900
98400 295200
98500 295500
98600 295800
98700 296100
98800 296400
98900 296700
99000 297000
99100 297300
99200 297600
99300 297900
99400 298200
99500 298500
99600 298800
99700 299100
99800 299400
99900 299700
