100 153
200 305
300 448
400 585
500 729
600 925
700 1054
800 1150
900 1344
1000 1492
1100 1711
1200 1854
1300 1962
1400 2132
1500 2225
1600 2510
1700 2580
1800 2762
1900 2722
2000 3029
2100 3191
2200 3320
2300 3355
2400 3577
2500 3589
2600 3850
2700 4071
2800 4269
2900 4243
3000 4407
3100 4682
3200 4745
3300 5065
3400 5116
3500 5197
3600 5240
3700 5545
3800 5577
3900 5845
4000 5817
4100 6156
4200 6266
4300 6365
4400 6684
4500 6610
4600 6693
4700 7047
4800 7255
4900 7437
5000 7570
5100 7577
5200 7527
5300 7797
5400 8080
5500 8199
5600 8367
5700 8871
5800 8528
5900 9147
6000 9306
6100 9195
6200 9417
6300 9272
6400 9854
6500 9573
6600 9967
6700 10142
6800 9983
6900 10150
7000 10217
7100 10959
7200 10997
7300 11157
7400 11104
7500 10929
7600 11314
7700 11437
7800 11662
7900 11828
8000 11848
8100 11993
8200 12835
8300 12336
8400 13040
8500 12884
8600 13112
8700 13270
8800 13602
8900 13353
9000 13591
9100 13973
9200 13863
9300 14032
9400 13700
9500 14083
9600 14410
9700 14311
9800 14428
9900 14622
10000 14878
10100 15451
10200 14758
10300 14945
10400 15669
10500 16020
10600 15453
10700 16149
10800 15687
10900 16379
11000 16274
11100 16798
11200 16631
11300 17073
11400 17952
11500 17496
11600 17514
11700 17632
11800 17799
11900 17754
12000 17768
12100 18653
12200 18881
12300 18422
12400 18930
12500 18852
12600 18683
12700 19105
12800 19022
12900 18540
13000 19256
13100 19732
13200 20244
13300 19709
13400 19454
13500 20223
13600 20333
13700 20516
13800 20302
13900 20727
14000 20811
14100 20377
14200 21334
14300 21810
14400 21950
14500 20849
14600 21945
14700 22178
14800 22569
14900 21265
15000 22391
15100 22673
15200 23025
15300 21931
15400 22719
15500 22690
15600 23617
15700 23367
15800 24102
15900 23687
16000 25140
16100 24536
16200 23671
16300 23909
16400 25231
16500 24399
16600 25208
16700 25895
16800 25247
16900 25323
17000 24691
17100 26655
17200 26117
17300 25942
17400 26696
17500 26639
17600 26850
17700 26701
17800 26944
17900 27998
18000 28443
18100 27080
18200 27271
18300 27325
18400 28676
18500 28658
18600 28461
18700 28120
18800 28384
18900 28574
19000 28163
19100 28670
19200 29614
19300 28849
19400 29553
19500 29724
19600 28885
19700 29927
19800 30342
19900 30509
20000 30075
20100 29871
20200 30430
20300 30784
20400 30377
20500 31371
20600 31271
20700 30918
20800 30113
20900 29714
21000 30562
21100 31386
21200 33177
21300 31109
21400 32170
21500 33514
21600 33266
21700 32289
21800 32554
21900 32374
22000 34124
22100 32546
22200 32724
22300 33439
22400 33829
22500 33645
22600 33845
22700 33367
22800 33918
22900 34505
23000 34454
23100 33806
23200 35179
23300 34196
23400 34510
23500 34641
23600 34943
23700 35409
23800 34669
23900 36022
24000 36455
24100 34256
24200 35946
24300 35786
24400 35523
24500 36857
24600 36347
24700 35745
24800 37370
24900 35535
25000 36385
25100 36479
25200 36952
25300 37310
25400 36633
25500 37539
25600 37085
25700 37746
25800 38075
25900 37692
26000 37154
26100 38076
26200 39499
26300 38644
26400 38597
26500 39763
26600 37184
26700 39208
26800 39189
26900 38929
27000 39359
27100 40094
27200 41379
27300 40670
27400 40887
27500 40488
27600 40861
27700 41635
27800 40936
27900 40435
28000 40950
28100 42180
28200 40201
28300 42807
28400 42146
28500 41783
28600 42535
28700 41633
28800 42053
28900 41618
29000 45534
29100 42624
29200 42011
29300 43408
29400 43051
29500 42969
29600 43302
29700 43941
29800 44621
29900 44487
30000 44647
30100 43050
30200 44001
30300 43810
30400 45129
30500 46001
30600 45971
30700 44827
30800 45436
30900 46526
31000 46328
31100 45251
31200 47545
31300 47726
31400 46842
31500 47063
31600 46330
31700 45920
31800 46887
31900 46620
32000 46352
32100 47931
32200 45792
32300 48596
32400 49325
32500 48137
32600 50944
32700 48402
32800 48720
32900 49003
33000 47293
33100 49629
33200 50111
33300 49460
33400 50293
33500 50262
33600 50164
33700 50959
33800 52047
33900 49298
34000 50823
34100 50193
34200 53346
34300 52412
34400 52740
34500 52313
34600 52724
34700 52417
34800 55161
34900 52232
35000 53902
35100 53517
35200 54864
35300 52879
35400 53659
35500 53656
35600 55930
35700 54121
35800 55296
35900 56012
36000 55072
36100 55735
36200 55828
36300 53707
36400 55450
36500 55242
36600 55269
36700 56607
36800 55937
36900 58149
37000 56603
37100 56506
37200 56882
37300 57996
37400 58098
37500 56445
37600 56937
37700 57409
37800 57615
37900 60531
38000 57957
38100 58728
38200 57136
38300 59495
38400 58592
38500 61081
38600 60031
38700 61253
38800 59172
38900 60323
39000 59289
39100 61571
39200 61344
39300 61018
39400 60311
39500 59513
39600 60893
39700 62189
39800 64124
39900 62453
40000 61428
40100 62201
40200 61967
40300 60275
40400 62146
40500 62183
40600 63664
40700 62085
40800 62979
40900 66460
41000 64366
41100 63114
41200 64790
41300 64434
41400 61462
41500 66159
41600 67280
41700 62906
41800 65969
41900 64237
42000 65450
42100 64838
42200 67934
42300 65401
42400 66174
42500 66163
42600 65862
42700 66102
42800 68346
42900 65882
43000 65328
43100 67864
43200 65192
43300 67789
43400 68146
43500 67637
43600 67614
43700 68872
43800 69510
43900 65366
44000 68012
44100 68249
44200 67928
44300 67047
44400 68459
44500 68909
44600 69262
44700 70363
44800 67269
44900 69373
45000 70850
45100 70797
45200 72435
45300 69676
45400 71144
45500 67754
45600 70193
45700 71056
45800 70821
45900 71359
46000 71008
46100 69621
46200 71290
46300 70856
46400 72062
46500 72794
46600 69659
46700 73542
46800 73557
46900 72534
47000 72050
47100 72008
47200 72862
47300 74417
47400 73513
47500 72538
47600 72854
47700 74762
47800 73494
47900 73122
48000 73932
48100 73993
48200 70231
48300 77499
48400 72223
48500 74727
