100 13
200 2
300 50
400 24
500 77
600 44
700 19
800 59
900 110
1000 76
1100 91
1200 180
1300 164
1400 133
1500 229
1600 169
1700 343
1800 273
1900 135
2000 221
2100 121
2200 185
2300 165
2400 226
2500 283
2600 244
2700 1049
2800 310
2900 37
3000 349
3100 148
3200 277
3300 282
3400 138
3500 662
3600 74
3700 877
3800 18
3900 381
4000 251
4100 416
4200 878
4300 365
4400 336
4500 239
4600 520
4700 184
4800 447
4900 640
5000 146
5100 565
5200 236
5300 571
5400 519
5500 185
5600 434
5700 720
5800 571
5900 227
6000 806
6100 327
6200 1128
6300 1039
6400 675
6500 1476
6600 1357
6700 1293
6800 144
6900 773
7000 394
7100 633
7200 1398
7300 810
7400 1304
7500 461
7600 810
7700 727
7800 93
7900 373
8000 1193
8100 683
8200 1052
8300 920
8400 840
8500 1692
8600 772
8700 1343
8800 1569
8900 1739
9000 592
9100 1580
9200 1278
9300 1305
9400 674
9500 748
9600 573
9700 939
9800 1355
9900 746
10000 902
10100 517
10200 881
10300 1673
10400 354
10500 934
10600 1120
10700 1503
10800 1391
10900 1196
11000 952
11100 2042
11200 1496
11300 1409
11400 1114
11500 1079
11600 1472
11700 1326
11800 755
11900 1494
12000 404
12100 1820
12200 2365
12300 931
12400 1557
12500 1105
12600 930
12700 2699
12800 3674
12900 1141
13000 2615
13100 1175
13200 1468
13300 560
13400 281
13500 1095
13600 1086
13700 477
13800 2633
13900 2418
14000 1899
14100 1957
14200 1155
14300 808
14400 2422
14500 543
14600 1889
14700 1213
14800 1925
14900 2089
15000 2485
15100 735
15200 295
15300 1338
15400 1472
15500 1820
15600 875
15700 1416
15800 1068
15900 1344
16000 358
16100 2557
16200 2375
16300 3379
16400 1965
16500 2465
16600 2680
16700 2354
16800 2957
16900 1155
17000 2092
17100 1142
17200 1334
17300 3046
17400 3356
17500 1926
17600 2368
17700 3244
17800 1170
17900 1965
18000 657
18100 2572
18200 2816
18300 3968
18400 3842
18500 1018
18600 1821
18700 3524
18800 2199
18900 1433
19000 3117
19100 2616
19200 3419
19300 2643
19400 2658
19500 1520
19600 820
19700 1918
19800 1463
19900 3311
20000 2597
20100 4035
20200 3640
20300 544
20400 950
20500 4340
20600 2875
20700 1521
20800 2937
20900 1265
21000 1489
21100 3094
21200 1642
21300 1675
21400 3008
21500 4929
21600 1342
21700 1722
21800 1725
21900 2058
22000 1508
22100 854
22200 2995
22300 2366
22400 1474
22500 456
22600 2609
22700 1155
22800 993
22900 773
23000 3279
23100 3221
23200 446
23300 2412
23400 3271
23500 3004
23600 1883
23700 4190
23800 542
23900 834
24000 1168
24100 1224
24200 1484
24300 3833
24400 3657
24500 2821
24600 1811
24700 6864
24800 2237
24900 3372
25000 793
25100 4060
25200 2989
25300 3293
25400 4210
25500 1497
25600 1777
25700 1992
25800 2596
25900 4596
26000 3754
26100 2431
26200 1935
26300 721
26400 2953
26500 2144
26600 4577
26700 3324
26800 3296
26900 5745
27000 1080
27100 2428
27200 938
27300 2184
27400 2510
27500 773
27600 1347
27700 2843
27800 3266
27900 2822
28000 2794
28100 1646
28200 1168
28300 114
28400 4757
28500 2588
28600 1955
28700 3600
28800 855
28900 2451
29000 2225
29100 2415
29200 287
29300 2602
29400 968
29500 1632
29600 1882
29700 1648
29800 2132
29900 1236
30000 3988
30100 2538
30200 2780
30300 1897
30400 1917
30500 3848
30600 2838
30700 5054
30800 5202
30900 2754
31000 1347
31100 4703
31200 3285
31300 2083
31400 3556
31500 9458
31600 1914
31700 1389
31800 3939
31900 6915
32000 2120
32100 5589
32200 1267
32300 5797
32400 5845
32500 1562
32600 5626
32700 3638
32800 1507
32900 1332
33000 6383
33100 4727
33200 2587
33300 1031
33400 4197
33500 7363
33600 3348
33700 4087
33800 9454
33900 4559
34000 4671
34100 3492
34200 5050
34300 4306
34400 3917
34500 3518
34600 3837
34700 2098
34800 4155
34900 6990
35000 4495
35100 2147
35200 3197
35300 7522
35400 2570
35500 3322
35600 6193
35700 4304
35800 4772
35900 4477
36000 6787
36100 2562
36200 7792
36300 8152
36400 1876
36500 2892
36600 950
36700 5128
36800 1405
36900 1033
37000 5490
37100 3632
37200 4587
37300 4967
37400 5948
37500 3202
37600 4256
37700 5467
37800 3733
37900 4536
38000 3466
38100 3303
38200 3525
38300 8203
38400 6623
38500 4057
38600 2117
38700 5661
38800 3317
38900 1964
39000 2939
39100 3473
39200 3794
39300 3695
39400 6480
39500 5657
39600 5213
39700 12455
39800 10201
39900 7337
40000 5614
40100 2762
40200 9294
40300 4264
40400 1699
40500 5730
40600 4028
40700 1531
40800 3785
40900 1636
41000 3722
41100 5723
41200 7418
41300 5556
41400 650
41500 6139
41600 7316
41700 2045
41800 3420
41900 5187
42000 3482
42100 4873
42200 8863
42300 3183
42400 1133
42500 7302
42600 5130
42700 5346
42800 11519
42900 5702
43000 3803
43100 5735
43200 1984
43300 2547
43400 2265
43500 7482
43600 4342
43700 2505
43800 3900
43900 5775
44000 5267
44100 6532
44200 9189
44300 1085
44400 6504
44500 1976
44600 3497
44700 4853
44800 3388
44900 7634
45000 4055
45100 6778
45200 3746
45300 5157
45400 4260
45500 724
45600 5530
45700 5403
45800 6029
45900 3781
46000 5764
46100 1569
46200 1574
46300 1779
46400 4893
46500 2457
46600 5100
46700 3396
46800 8979
46900 3511
47000 7888
47100 5285
47200 3016
47300 6374
47400 3595
47500 2323
47600 2858
47700 6702
47800 2411
47900 4341
48000 5112
48100 5131
48200 3370
48300 7616
48400 8071
48500 3778
