100 475
200 877
300 1017
400 1660
500 1755
600 2470
700 3117
800 4156
900 4193
1000 4380
1100 5052
1200 5560
1300 6146
1400 6585
1500 6362
1600 6900
1700 6374
1800 7510
1900 7810
2000 8211
2100 12150
2200 8441
2300 11318
2400 11923
2500 10571
2600 11464
2700 11418
2800 14777
2900 14532
3000 11071
3100 14233
3200 14011
3300 15802
3400 18149
3500 13367
3600 14097
3700 13833
3800 15341
3900 15658
4000 15959
4100 16229
4200 15770
4300 18236
4400 18653
4500 19002
4600 17666
4700 22408
4800 20650
4900 17293
5000 18837
5100 20919
5200 23512
5300 27651
5400 26998
5500 21253
5600 21075
5700 25438
5800 23083
5900 30888
6000 27535
6100 27199
6200 28851
6300 26365
6400 28988
6500 22896
6600 26221
6700 28567
6800 33295
6900 31808
7000 28535
7100 33070
7200 30654
7300 29506
7400 28171
7500 32690
7600 30056
7700 30498
7800 38859
7900 28542
8000 31613
8100 29873
8200 34408
8300 40041
8400 33705
8500 39272
8600 32479
8700 33814
8800 44234
8900 40761
9000 38866
9100 41527
9200 34188
9300 38993
9400 37493
9500 41692
9600 39893
9700 43692
9800 41839
9900 40281
10000 42906
10100 38365
10200 43222
10300 41730
10400 39026
10500 38934
10600 43041
10700 51711
10800 45016
10900 47071
11000 44849
11100 46287
11200 49619
11300 50288
11400 51399
11500 48900
11600 51552
11700 51399
11800 43515
11900 39333
12000 45151
12100 65441
12200 67882
12300 54377
12400 61358
12500 53764
12600 50402
12700 50267
12800 61351
12900 51991
13000 61378
13100 62046
13200 53437
13300 49582
13400 53993
13500 57268
13600 63395
13700 60230
13800 62879
13900 61146
14000 62326
14100 71974
14200 54872
14300 57586
14400 72631
14500 59429
14600 73503
14700 67036
14800 76860
14900 69450
15000 55529
15100 79706
15200 64137
15300 61440
15400 89431
15500 62706
15600 61247
15700 65451
15800 75515
15900 59320
16000 75331
16100 73541
16200 60812
16300 65694
16400 67431
16500 70415
16600 66218
16700 71757
16800 67417
16900 75093
17000 65043
17100 73622
17200 90311
17300 70750
17400 76803
17500 68666
17600 69101
17700 80869
17800 77614
17900 107192
18000 87596
18100 83637
18200 62217
18300 79032
18400 88270
18500 72718
18600 74858
18700 86019
18800 74906
18900 68059
19000 87551
19100 106679
19200 102544
19300 79009
19400 79471
19500 75762
19600 82051
19700 77971
19800 76398
19900 101824
20000 102111
20100 79333
20200 83484
20300 85697
20400 92826
20500 92472
20600 93387
20700 85906
20800 86569
20900 75640
21000 98651
21100 86264
21200 94049
21300 94152
21400 109683
21500 101978
21600 110177
21700 89259
21800 100309
21900 92091
22000 94171
22100 96604
22200 108829
22300 94015
22400 103199
22500 94260
22600 79768
22700 97734
22800 109134
22900 113947
23000 96298
23100 101659
23200 109776
23300 86280
23400 93328
23500 84701
23600 117612
23700 97546
23800 89879
23900 110136
24000 110729
24100 87915
24200 88692
24300 85606
24400 117647
24500 101602
24600 91066
24700 115103
24800 98489
24900 105395
25000 110707
25100 110140
25200 110488
25300 127220
25400 97399
25500 103849
25600 130414
25700 100984
25800 126366
25900 132003
26000 109791
26100 95922
26200 103000
26300 122452
26400 114253
26500 97876
26600 109459
26700 109342
26800 104453
26900 101654
27000 108609
27100 137406
27200 119124
27300 111285
27400 116787
27500 123468
27600 130874
27700 121353
27800 103100
27900 129143
28000 120255
28100 126355
28200 104412
28300 120970
28400 98386
28500 106806
28600 113584
28700 175723
28800 144377
28900 137516
29000 153868
29100 114412
29200 135971
29300 119583
29400 102237
29500 132805
29600 110346
29700 126155
29800 126265
29900 143656
30000 152075
30100 112120
30200 140677
30300 123662
30400 130415
30500 137387
30600 131620
30700 114460
30800 103827
30900 168324
31000 136235
31100 129349
31200 157912
31300 135520
31400 142774
31500 130906
31600 121332
31700 137977
31800 121045
31900 130598
32000 117452
32100 134653
32200 139368
32300 131416
32400 141630
32500 127472
32600 140327
32700 126675
32800 154451
32900 124881
33000 123831
33100 163571
33200 134867
33300 165757
33400 125734
33500 140118
33600 142573
33700 150818
33800 120377
33900 142855
34000 149285
34100 119770
34200 176342
34300 129720
34400 136198
34500 172187
34600 148891
34700 152508
34800 144686
34900 122217
35000 143318
35100 135550
35200 171934
35300 152946
35400 134891
35500 133501
35600 166067
35700 167787
35800 146757
35900 162090
36000 153696
36100 139135
36200 159638
36300 142752
36400 156422
36500 169412
36600 204075
36700 148958
36800 159215
36900 151164
37000 158630
37100 160033
37200 184542
37300 156037
37400 151474
37500 147396
37600 150919
37700 142685
37800 155441
37900 156182
38000 161593
38100 163491
38200 173922
38300 165787
38400 162055
38500 166711
38600 194022
38700 174635
38800 156737
38900 187610
39000 151897
39100 165683
39200 195820
39300 163228
39400 144598
39500 159483
39600 161997
39700 171292
39800 184938
39900 156707
40000 200786
40100 190728
40200 207350
40300 156808
40400 181501
40500 156597
40600 197115
40700 177146
40800 182392
40900 177294
41000 180490
41100 166484
41200 145731
41300 172971
41400 172485
41500 175256
41600 176442
41700 159328
41800 175822
41900 194861
42000 162191
42100 180234
42200 219325
42300 196121
42400 191027
42500 193319
42600 155740
42700 171702
42800 203158
42900 188884
43000 154364
43100 211372
43200 177105
43300 182941
43400 171761
43500 166745
43600 182215
43700 184542
43800 243487
43900 176163
44000 211006
44100 211265
44200 182591
44300 162104
44400 243891
44500 188355
44600 182564
44700 198571
44800 160322
44900 157774
45000 196263
45100 181579
45200 220132
45300 186198
45400 173907
45500 224905
45600 193964
45700 209573
45800 180972
45900 170197
46000 212707
46100 266723
46200 242882
46300 234129
46400 236928
46500 204311
46600 205681
46700 194473
46800 227845
46900 184917
47000 244444
47100 220540
47200 197598
47300 190362
47400 214245
47500 201285
47600 216166
47700 204800
47800 198084
47900 202129
48000 232295
48100 218641
48200 233391
48300 194503
48400 227641
48500 216433
